Município;AIS;Natureza;Data;Hora;Dia da Semana;Meio Empregado;Gênero;Idade da Vítima;Escolaridade da Vítima;Raça da Vítima
Varjota;AIS 07;HOMICIDIO DOLOSO;2022-01-01;00:40:00;Sábado;Arma branca;Masculino;18;Não Informada;Não Informada
Aiuaba;AIS 13;HOMICIDIO DOLOSO;2022-01-01;01:00:00;Sábado;Arma de fogo;Masculino;38;Não Informada;Parda
Maranguape;AIS 24;HOMICIDIO DOLOSO;2022-01-01;01:30:00;Sábado;Arma de fogo;Masculino;20;Ensino Médio Incompleto;Não Informada
Jucás;AIS 10;HOMICIDIO DOLOSO;2022-01-01;02:30:00;Sábado;Arma branca;Masculino;21;Ensino Fundamental Incompleto;Parda
Fortaleza;AIS 17;HOMICIDIO DOLOSO;2022-01-01;04:28:00;Sábado;Arma de fogo;Masculino;23;Ensino Fundamental Completo;Não Informada
Fortaleza;AIS 20;HOMICIDIO DOLOSO;2022-01-01;04:59:59;Sábado;Arma de fogo;Masculino;18;Alfabetizado;Não Informada
Fortaleza;AIS 20;HOMICIDIO DOLOSO;2022-01-01;12:11:00;Sábado;Arma de fogo;Feminino;30;Ensino Fundamental Incompleto;Não Informada
Fortaleza;AIS 16;HOMICIDIO DOLOSO;2022-01-01;13:25:00;Sábado;Arma de fogo;Masculino;Não Informada;Não Informada;Não Informada
Juazeiro do Norte;AIS 02;HOMICIDIO DOLOSO;2022-01-01;14:00:00;Sábado;Arma de fogo;Masculino;35;Alfabetizado;Não Informada
Fortaleza;AIS 20;HOMICIDIO DOLOSO;2022-01-01;14:10:00;Sábado;Arma de fogo;Masculino;26;Alfabetizado;Não Informada
Boa Viagem;AIS 04;HOMICIDIO DOLOSO;2022-01-01;17:00:00;Sábado;Arma branca;Feminino;33;Ensino Fundamental Incompleto;Não Informada
Pacatuba;AIS 24;HOMICIDIO DOLOSO;2022-01-01;17:50:00;Sábado;Arma de fogo;Masculino;22;Ensino Fundamental Completo;Não Informada
Quixeramobim;AIS 09;HOMICIDIO DOLOSO;2022-01-01;17:50:00;Sábado;Arma branca;Masculino;41;Alfabetizado;Não Informada
Fortaleza;AIS 17;HOMICIDIO DOLOSO;2022-01-01;18:40:00;Sábado;Arma de fogo;Masculino;17;Alfabetizado;Não Informada
Reriutaba;AIS 07;HOMICIDIO DOLOSO;2022-01-01;18:49:59;Sábado;Arma branca;Masculino;23;Ensino Médio Completo;Parda
Missão Velha;AIS 02;HOMICIDIO DOLOSO;2022-01-01;19:00:00;Sábado;Arma de fogo;Masculino;17;Não Informada;Parda
Groaíras;AIS 03;HOMICIDIO DOLOSO;2022-01-01;20:15:00;Sábado;Arma de fogo;Masculino;19;Não Informada;Não Informada
Fortaleza;AIS 16;HOMICIDIO DOLOSO;2022-01-01;21:21:00;Sábado;Arma de fogo;Masculino;24;Ensino Médio Completo;Não Informada
Pentecoste;AIS 11;HOMICIDIO DOLOSO;2022-01-01;21:29:59;Sábado;Outros meios;Masculino;21;Ensino Fundamental Incompleto;Parda
Senador Pompeu;AIS 09;HOMICIDIO DOLOSO;2022-01-01;23:30:00;Sábado;Outros meios;Masculino;19;Alfabetizado;Parda
Fortaleza;AIS 19;HOMICIDIO DOLOSO;2022-01-02;02:55:00;Domingo;Arma de fogo;Masculino;22;Alfabetizado;Não Informada
Russas;AIS 01;HOMICIDIO DOLOSO;2022-01-02;06:00:00;Domingo;Arma de fogo;Masculino;20;Ensino Fundamental Incompleto;Não Informada
Fortaleza;AIS 16;HOMICIDIO DOLOSO;2022-01-02;08:19:59;Domingo;Arma de fogo;Masculino;21;Ensino Fundamental Incompleto;Branca
Pacajus;AIS 25;HOMICIDIO DOLOSO;2022-01-02;11:50:00;Domingo;Arma de fogo;Masculino;29;Ensino Fundamental Incompleto;Não Informada
Mulungu;AIS 29;HOMICIDIO DOLOSO;2022-01-02;14:19:59;Domingo;Arma de fogo;Masculino;58;Alfabetizado;Não Informada
Quixadá;AIS 09;HOMICIDIO DOLOSO;2022-01-02;19:00:00;Domingo;Arma de fogo;Feminino;18;Alfabetizado;Não Informada
Jaguaruana;AIS 01;HOMICIDIO DOLOSO;2022-01-02;20:19:59;Domingo;Arma de fogo;Masculino;30;Ensino Fundamental Completo;Parda
Groaíras;AIS 03;FEMINICÍDIO;2022-01-02;21:00:00;Domingo;Outros meios;Feminino;24;Não Informada;Não Informada
Caucaia;AIS 12;HOMICIDIO DOLOSO;2022-01-03;02:00:00;Segunda;Arma de fogo;Masculino;39;Alfabetizado;Branca
Uruburetama;AIS 11;HOMICIDIO DOLOSO;2022-01-03;07:00:00;Segunda;Arma branca;Masculino;29;Alfabetizado;Não Informada
Bela Cruz;AIS 11;HOMICIDIO DOLOSO;2022-01-03;08:00:00;Segunda;Arma de fogo;Masculino;29;Não Informada;Parda
Fortaleza;AIS 21;ROUBO SEGUIDO DE MORTE (LATROCINIO);2022-01-03;10:00:00;Segunda;Arma de fogo;Masculino;62;Alfabetizado;Não Informada
Itapajé;AIS 11;HOMICIDIO DOLOSO;2022-01-03;20:00:00;Segunda;Arma de fogo;Masculino;25;Alfabetizado;Não Informada
Itarema;AIS 11;HOMICIDIO DOLOSO;2022-01-04;05:38:00;Terça;Arma de fogo;Masculino;34;Alfabetizado;Parda
Aracati;AIS 30;HOMICIDIO DOLOSO;2022-01-04;16:30:00;Terça;Arma de fogo;Masculino;32;Alfabetizado;Parda
Maracanaú;AIS 14;LESAO CORPORAL SEGUIDA DE MORTE;2022-01-04;17:00:00;Terça;Outros meios;Masculino;56;Não Informada;Não Informada
Solonópole;AIS 09;HOMICIDIO DOLOSO;2022-01-04;20:15:00;Terça;Arma de fogo;Masculino;24;Alfabetizado;Parda
Campos Sales;AIS 33;HOMICIDIO DOLOSO;2022-01-05;11:30:00;Quarta;Arma de fogo;Masculino;53;Ensino Fundamental Incompleto;Não Informada
Quixeramobim;AIS 09;HOMICIDIO DOLOSO;2022-01-05;19:00:00;Quarta;Outros meios;Masculino;17;Ensino Fundamental Completo;Não Informada
Horizonte;AIS 25;HOMICIDIO DOLOSO;2022-01-05;21:45:00;Quarta;Arma branca;Masculino;55;Alfabetizado;Parda
Caucaia;AIS 26;HOMICIDIO DOLOSO;2022-01-06;03:09:59;Quinta;Arma de fogo;Masculino;30;Alfabetizado;Não Informada
Santana do Acaraú;AIS 03;HOMICIDIO DOLOSO;2022-01-06;06:00:00;Quinta;Arma de fogo;Masculino;44;Ensino Médio Completo;Preta
Quixeré;AIS 01;HOMICIDIO DOLOSO;2022-01-06;07:20:00;Quinta;Arma de fogo;Masculino;35;Ensino Médio Incompleto;Parda
Caucaia;AIS 26;HOMICIDIO DOLOSO;2022-01-06;07:39:59;Quinta;Arma de fogo;Masculino;Não Informada;Não Informada;Não Informada
Juazeiro do Norte;AIS 02;HOMICIDIO DOLOSO;2022-01-06;10:00:00;Quinta;Arma de fogo;Masculino;24;Alfabetizado;Não Informada
Fortaleza;AIS 05;HOMICIDIO DOLOSO;2022-01-06;11:50:00;Quinta;Arma de fogo;Masculino;32;Ensino Médio Completo;Não Informada
Fortaleza;AIS 18;HOMICIDIO DOLOSO;2022-01-06;12:53:00;Quinta;Arma de fogo;Masculino;33;Ensino Fundamental Incompleto;Não Informada
Maracanaú;AIS 14;HOMICIDIO DOLOSO;2022-01-06;15:40:00;Quinta;Arma de fogo;Masculino;15;Alfabetizado;Não Informada
Fortaleza;AIS 17;HOMICIDIO DOLOSO;2022-01-06;17:39:59;Quinta;Arma de fogo;Masculino;59;Alfabetizado;Não Informada
Caucaia;AIS 12;HOMICIDIO DOLOSO;2022-01-06;18:00:00;Quinta;Arma de fogo;Masculino;58;Alfabetizado;Não Informada
Fortaleza;AIS 19;HOMICIDIO DOLOSO;2022-01-06;18:29:59;Quinta;Arma de fogo;Masculino;47;Ensino Fundamental Incompleto;Não Informada
Fortaleza;AIS 16;HOMICIDIO DOLOSO;2022-01-06;19:59:59;Quinta;Arma de fogo;Masculino;41;Ensino Médio Completo;Não Informada
Caucaia;AIS 26;HOMICIDIO DOLOSO;2022-01-07;01:00:00;Sexta;Arma de fogo;Masculino;26;Alfabetizado;Não Informada
Caucaia;AIS 26;ROUBO SEGUIDO DE MORTE (LATROCINIO);2022-01-07;13:09:59;Sexta;Arma de fogo;Feminino;44;Ensino Fundamental Incompleto;Não Informada
Limoeiro do Norte;AIS 01;HOMICIDIO DOLOSO;2022-01-07;19:59:59;Sexta;Arma de fogo;Masculino;39;Alfabetizado;Não Informada
Jaguaribe;AIS 31;HOMICIDIO DOLOSO;2022-01-07;20:00:00;Sexta;Arma de fogo;Masculino;34;Alfabetizado;Não Informada
Fortaleza;AIS 19;HOMICIDIO DOLOSO;2022-01-08;01:14:59;Sábado;Arma de fogo;Masculino;51;Ensino Fundamental Incompleto;Não Informada
São João do Jaguaribe;AIS 01;HOMICIDIO DOLOSO;2022-01-08;13:00:00;Sábado;Arma de fogo;Masculino;38;Alfabetizado;Não Informada
Fortaleza;AIS 18;HOMICIDIO DOLOSO;2022-01-08;16:50:00;Sábado;Arma de fogo;Masculino;38;Alfabetizado;Não Informada
Caucaia;AIS 12;HOMICIDIO DOLOSO;2022-01-08;19:28:00;Sábado;Arma de fogo;Masculino;41;Superior Incompleto;Não Informada
Caucaia;AIS 26;HOMICIDIO DOLOSO;2022-01-08;19:39:59;Sábado;Arma de fogo;Masculino;17;Ensino Médio Completo;Não Informada
Sobral;AIS 03;HOMICIDIO DOLOSO;2022-01-08;19:59:59;Sábado;Arma de fogo;Masculino;38;Alfabetizado;Não Informada
Amontada;AIS 11;HOMICIDIO DOLOSO;2022-01-08;20:30:00;Sábado;Arma de fogo;Masculino;29;Ensino Médio Completo;Parda
Iracema;AIS 31;HOMICIDIO DOLOSO;2022-01-08;20:39:59;Sábado;Arma de fogo;Masculino;28;Não Informada;Não Informada
Fortaleza;AIS 18;HOMICIDIO DOLOSO;2022-01-08;22:59:59;Sábado;Arma branca;Masculino;Não Informada;Não Informada;Não Informada
Horizonte;AIS 25;HOMICIDIO DOLOSO;2022-01-09;01:30:00;Domingo;Arma de fogo;Masculino;20;Ensino Fundamental Completo;Parda
Umirim;AIS 11;HOMICIDIO DOLOSO;2022-01-09;07:30:00;Domingo;Arma de fogo;Masculino;21;Alfabetizado;Não Informada
Fortaleza;AIS 18;HOMICIDIO DOLOSO;2022-01-09;10:32:00;Domingo;Arma de fogo;Feminino;34;Alfabetizado;Não Informada
Tianguá;AIS 27;HOMICIDIO DOLOSO;2022-01-09;10:59:59;Domingo;Arma de fogo;Masculino;29;Ensino Fundamental Completo;Parda
General Sampaio;AIS 11;HOMICIDIO DOLOSO;2022-01-09;12:29:59;Domingo;Arma de fogo;Masculino;19;Alfabetizado;Não Informada
Maracanaú;AIS 14;HOMICIDIO DOLOSO;2022-01-09;13:44:00;Domingo;Outros meios;Feminino;50;Alfabetizado;Não Informada
Fortaleza;AIS 19;FEMINICÍDIO;2022-01-09;13:59:59;Domingo;Arma de fogo;Feminino;16;Não Informada;Não Informada
Caucaia;AIS 12;HOMICIDIO DOLOSO;2022-01-09;20:30:00;Domingo;Arma de fogo;Masculino;43;Alfabetizado;Não Informada
Fortaleza;AIS 18;HOMICIDIO DOLOSO;2022-01-10;00:13:00;Segunda;Arma de fogo;Masculino;21;Ensino Fundamental Incompleto;Não Informada
Pedra Branca;AIS 09;HOMICIDIO DOLOSO;2022-01-10;01:30:00;Segunda;Arma branca;Masculino;29;Não Informada;Parda
Fortaleza;AIS 06;HOMICIDIO DOLOSO;2022-01-10;02:55:00;Segunda;Arma de fogo;Masculino;35;Alfabetizado;Não Informada
Jaguaribe;AIS 31;HOMICIDIO DOLOSO;2022-01-10;03:00:00;Segunda;Arma de fogo;Masculino;31;Ensino Fundamental Incompleto;Parda
São Gonçalo do Amarante;AIS 23;HOMICIDIO DOLOSO;2022-01-10;07:00:00;Segunda;Arma de fogo;Masculino;41;Alfabetizado;Branca
Araripe;AIS 33;HOMICIDIO DOLOSO;2022-01-10;07:14:59;Segunda;Arma de fogo;Masculino;65;Ensino Médio Completo;Não Informada
Pentecoste;AIS 11;HOMICIDIO DOLOSO;2022-01-10;07:30:00;Segunda;Arma de fogo;Masculino;31;Alfabetizado;Não Informada
Aracati;AIS 30;HOMICIDIO DOLOSO;2022-01-10;14:30:00;Segunda;Arma de fogo;Masculino;28;Ensino Fundamental Completo;Parda
São João do Jaguaribe;AIS 01;HOMICIDIO DOLOSO;2022-01-10;18:00:00;Segunda;Arma de fogo;Masculino;24;Não Informada;Branca
Fortaleza;AIS 21;HOMICIDIO DOLOSO;2022-01-10;19:00:00;Segunda;Arma de fogo;Masculino;42;Ensino Fundamental Incompleto;Branca
Fortaleza;AIS 17;HOMICIDIO DOLOSO;2022-01-10;19:39:59;Segunda;Arma de fogo;Masculino;16;Não Informada;Não Informada
Independência;AIS 07;ROUBO SEGUIDO DE MORTE (LATROCINIO);2022-01-10;21:29:59;Segunda;Arma branca;Feminino;64;Alfabetizado;Não Informada
Fortaleza;AIS 08;HOMICIDIO DOLOSO;2022-01-10;22:30:00;Segunda;Arma branca;Masculino;36;Alfabetizado;Não Informada
Iguatu;AIS 10;HOMICIDIO DOLOSO;2022-01-11;01:00:00;Terça;Arma branca;Masculino;36;Alfabetizado;Parda
Fortaleza;AIS 21;HOMICIDIO DOLOSO;2022-01-11;03:29:59;Terça;Arma de fogo;Masculino;26;Não Informada;Não Informada
Morada Nova;AIS 09;HOMICIDIO DOLOSO;2022-01-11;10:30:00;Terça;Arma de fogo;Feminino;29;Ensino Fundamental Completo;Não Informada
Fortaleza;AIS 05;HOMICIDIO DOLOSO;2022-01-11;14:38:00;Terça;Arma de fogo;Masculino;24;Ensino Fundamental Completo;Parda
Forquilha;AIS 03;HOMICIDIO DOLOSO;2022-01-11;15:49:59;Terça;Arma de fogo;Masculino;18;Alfabetizado;Não Informada
Tianguá;AIS 27;HOMICIDIO DOLOSO;2022-01-11;16:40:00;Terça;Arma de fogo;Masculino;30;Alfabetizado;Não Informada
Massapê;AIS 03;HOMICIDIO DOLOSO;2022-01-11;17:10:00;Terça;Arma de fogo;Masculino;46;Alfabetizado;Não Informada
Tianguá;AIS 27;HOMICIDIO DOLOSO;2022-01-11;17:50:00;Terça;Arma de fogo;Masculino;34;Alfabetizado;Parda
Jaguaribara;AIS 31;HOMICIDIO DOLOSO;2022-01-11;19:20:00;Terça;Arma de fogo;Masculino;35;Alfabetizado;Parda
Maranguape;AIS 24;HOMICIDIO DOLOSO;2022-01-11;19:30:00;Terça;Arma de fogo;Masculino;19;Ensino Médio Completo;Não Informada
Chorozinho;AIS 25;HOMICIDIO DOLOSO;2022-01-11;21:00:00;Terça;Arma de fogo;Masculino;36;Ensino Fundamental Completo;Não Informada
Maracanaú;AIS 14;HOMICIDIO DOLOSO;2022-01-11;22:00:00;Terça;Arma de fogo;Masculino;20;Alfabetizado;Parda
Juazeiro do Norte;AIS 02;HOMICIDIO DOLOSO;2022-01-11;22:30:00;Terça;Arma de fogo;Masculino;32;Ensino Médio Completo;Não Informada
Maranguape;AIS 24;HOMICIDIO DOLOSO;2022-01-11;22:59:59;Terça;Arma de fogo;Masculino;Não Informada;Não Informada;Não Informada
Fortaleza;AIS 05;HOMICIDIO DOLOSO;2022-01-12;09:00:00;Quarta;Arma de fogo;Masculino;Não Informada;Não Informada;Não Informada
Chorozinho;AIS 25;HOMICIDIO DOLOSO;2022-01-12;12:00:00;Quarta;Arma de fogo;Masculino;20;Não Informada;Não Informada
Fortaleza;AIS 22;HOMICIDIO DOLOSO;2022-01-12;12:40:00;Quarta;Arma de fogo;Masculino;19;Não Informada;Não Informada
Milhã;AIS 09;HOMICIDIO DOLOSO;2022-01-12;14:34:59;Quarta;Arma branca;Masculino;48;Alfabetizado;Não Informada
Maracanaú;AIS 14;HOMICIDIO DOLOSO;2022-01-12;15:00:00;Quarta;Arma de fogo;Masculino;22;Ensino Fundamental Incompleto;Parda
Limoeiro do Norte;AIS 01;HOMICIDIO DOLOSO;2022-01-12;16:00:00;Quarta;Outros meios;Masculino;25;Alfabetizado;Parda
Beberibe;AIS 30;HOMICIDIO DOLOSO;2022-01-13;10:00:00;Quinta;Arma de fogo;Masculino;21;Ensino Fundamental Incompleto;Branca
Camocim;AIS 28;HOMICIDIO DOLOSO;2022-01-13;20:39:59;Quinta;Arma de fogo;Masculino;27;Não Informada;Não Informada
Fortaleza;AIS 21;ROUBO SEGUIDO DE MORTE (LATROCINIO);2022-01-13;22:50:00;Quinta;Arma de fogo;Masculino;26;Ensino Médio Completo;Não Informada
Baturité;AIS 29;HOMICIDIO DOLOSO;2022-01-14;03:00:00;Sexta;Arma de fogo;Masculino;27;Ensino Fundamental Completo;Não Informada
Baturité;AIS 29;HOMICIDIO DOLOSO;2022-01-14;03:00:00;Sexta;Arma de fogo;Feminino;28;Não Informada;Não Informada
Fortaleza;AIS 17;ROUBO SEGUIDO DE MORTE (LATROCINIO);2022-01-14;03:00:00;Sexta;Arma de fogo;Masculino;32;Não Informada;Não Informada
São Gonçalo do Amarante;AIS 23;HOMICIDIO DOLOSO;2022-01-14;11:00:00;Sexta;Arma de fogo;Masculino;28;Ensino Fundamental Completo;Não Informada
Russas;AIS 01;HOMICIDIO DOLOSO;2022-01-14;12:00:00;Sexta;Arma de fogo;Masculino;66;Ensino Fundamental Completo;Não Informada
Jaguaribara;AIS 31;HOMICIDIO DOLOSO;2022-01-14;13:40:00;Sexta;Arma de fogo;Masculino;23;Ensino Fundamental Incompleto;Não Informada
Juazeiro do Norte;AIS 02;HOMICIDIO DOLOSO;2022-01-14;20:30:00;Sexta;Arma de fogo;Masculino;39;Alfabetizado;Não Informada
Caucaia;AIS 26;HOMICIDIO DOLOSO;2022-01-15;13:30:00;Sábado;Arma de fogo;Masculino;19;Alfabetizado;Não Informada
Fortaleza;AIS 19;HOMICIDIO DOLOSO;2022-01-15;13:59:59;Sábado;Arma de fogo;Masculino;25;Ensino Médio Completo;Não Informada
Bela Cruz;AIS 11;HOMICIDIO DOLOSO;2022-01-15;14:00:00;Sábado;Arma de fogo;Masculino;57;Não Alfabetizado;Não Informada
Alto Santo;AIS 31;HOMICIDIO DOLOSO;2022-01-15;15:00:00;Sábado;Arma de fogo;Masculino;28;Não Informada;Não Informada
Fortaleza;AIS 05;HOMICIDIO DOLOSO;2022-01-15;18:29:59;Sábado;Arma de fogo;Masculino;19;Ensino Fundamental Incompleto;Não Informada
Cascavel;AIS 15;HOMICIDIO DOLOSO;2022-01-15;21:00:00;Sábado;Arma de fogo;Masculino;22;Ensino Fundamental Completo;Não Informada
Pacajus;AIS 25;HOMICIDIO DOLOSO;2022-01-16;10:00:00;Domingo;Arma de fogo;Masculino;50;Alfabetizado;Não Informada
Morada Nova;AIS 09;HOMICIDIO DOLOSO;2022-01-16;16:30:00;Domingo;Arma de fogo;Masculino;23;Ensino Médio Completo;Não Informada
Fortaleza;AIS 08;HOMICIDIO DOLOSO;2022-01-16;19:30:00;Domingo;Arma de fogo;Masculino;27;Alfabetizado;Não Informada
Morada Nova;AIS 09;HOMICIDIO DOLOSO;2022-01-16;21:30:00;Domingo;Arma de fogo;Masculino;22;Não Informada;Não Informada
Fortaleza;AIS 21;HOMICIDIO DOLOSO;2022-01-17;00:00:09;Segunda;Arma de fogo;Masculino;37;Ensino Fundamental Completo;Não Informada
Irauçuba;AIS 11;HOMICIDIO DOLOSO;2022-01-17;03:00:00;Segunda;Outros meios;Masculino;37;Alfabetizado;Não Informada
Fortaleza;AIS 16;HOMICIDIO DOLOSO;2022-01-17;12:00:00;Segunda;Arma de fogo;Masculino;21;Ensino Fundamental Incompleto;Parda
Fortaleza;AIS 16;HOMICIDIO DOLOSO;2022-01-17;14:24:59;Segunda;Arma de fogo;Feminino;20;Ensino Fundamental Incompleto;Não Informada
Varjota;AIS 07;HOMICIDIO DOLOSO;2022-01-17;18:00:00;Segunda;Arma de fogo;Masculino;18;Ensino Médio Incompleto;Parda
Russas;AIS 01;HOMICIDIO DOLOSO;2022-01-17;20:00:00;Segunda;Arma de fogo;Masculino;29;Ensino Fundamental Completo;Não Informada
Cascavel;AIS 15;HOMICIDIO DOLOSO;2022-01-17;21:00:00;Segunda;Arma de fogo;Masculino;29;Ensino Médio Completo;Não Informada
Fortaleza;AIS 19;HOMICIDIO DOLOSO;2022-01-17;22:00:00;Segunda;Arma de fogo;Masculino;39;Ensino Fundamental Completo;Não Informada
Caucaia;AIS 26;HOMICIDIO DOLOSO;2022-01-17;22:00:00;Segunda;Arma de fogo;Masculino;23;Alfabetizado;Não Informada
Fortaleza;AIS 19;HOMICIDIO DOLOSO;2022-01-17;22:54:00;Segunda;Arma de fogo;Feminino;20;Não Informada;Não Informada
General Sampaio;AIS 11;HOMICIDIO DOLOSO;2022-01-18;07:30:00;Terça;Arma de fogo;Masculino;14;Alfabetizado;Não Informada
Jaguaruana;AIS 01;HOMICIDIO DOLOSO;2022-01-18;09:49:59;Terça;Arma de fogo;Masculino;31;Não Alfabetizado;Não Informada
Fortaleza;AIS 06;HOMICIDIO DOLOSO;2022-01-18;13:39:59;Terça;Arma de fogo;Masculino;60;Ensino Fundamental Completo;Não Informada
Sobral;AIS 03;HOMICIDIO DOLOSO;2022-01-18;17:30:00;Terça;Arma de fogo;Masculino;30;Alfabetizado;Parda
Caucaia;AIS 12;HOMICIDIO DOLOSO;2022-01-18;17:30:00;Terça;Outros meios;Masculino;28;Alfabetizado;Não Informada
Fortaleza;AIS 19;HOMICIDIO DOLOSO;2022-01-18;18:00:00;Terça;Arma de fogo;Masculino;19;Não Informada;Não Informada
Croatá;AIS 27;HOMICIDIO DOLOSO;2022-01-18;19:00:00;Terça;Arma de fogo;Masculino;45;Alfabetizado;Parda
Fortaleza;AIS 20;HOMICIDIO DOLOSO;2022-01-18;19:23:59;Terça;Arma de fogo;Masculino;61;Ensino Médio Completo;Parda
Barreira;AIS 29;HOMICIDIO DOLOSO;2022-01-18;20:00:00;Terça;Arma de fogo;Masculino;34;Alfabetizado;Não Informada
Palmácia;AIS 29;HOMICIDIO DOLOSO;2022-01-19;01:40:00;Quarta;Arma de fogo;Masculino;29;Ensino Fundamental Incompleto;Não Informada
Russas;AIS 01;HOMICIDIO DOLOSO;2022-01-19;02:30:00;Quarta;Arma de fogo;Masculino;21;Ensino Médio Incompleto;Não Informada
Russas;AIS 01;HOMICIDIO DOLOSO;2022-01-19;02:30:00;Quarta;Arma de fogo;Masculino;19;Não Informada;Não Informada
Quixadá;AIS 09;HOMICIDIO DOLOSO;2022-01-19;05:40:00;Quarta;Arma branca;Masculino;55;Alfabetizado;Não Informada
Maracanaú;AIS 14;HOMICIDIO DOLOSO;2022-01-19;06:40:00;Quarta;Arma de fogo;Masculino;34;Ensino Médio Incompleto;Não Informada
Miraíma;AIS 11;HOMICIDIO DOLOSO;2022-01-19;07:00:00;Quarta;Arma de fogo;Masculino;36;Alfabetizado;Não Informada
Pacatuba;AIS 24;HOMICIDIO DOLOSO;2022-01-19;08:05:59;Quarta;Arma de fogo;Masculino;22;Alfabetizado;Não Informada
Jaguaruana;AIS 01;HOMICIDIO DOLOSO;2022-01-19;14:00:00;Quarta;Arma de fogo;Masculino;24;Ensino Médio Incompleto;Não Informada
Fortaleza;AIS 16;HOMICIDIO DOLOSO;2022-01-19;19:00:00;Quarta;Arma de fogo;Masculino;24;Alfabetizado;Não Informada
Novo Oriente;AIS 07;HOMICIDIO DOLOSO;2022-01-19;23:30:00;Quarta;Arma de fogo;Masculino;30;Alfabetizado;Parda
Fortaleza;AIS 16;HOMICIDIO DOLOSO;2022-01-19;23:41:00;Quarta;Arma de fogo;Masculino;29;Ensino Fundamental Incompleto;Não Informada
Ibiapina;AIS 27;HOMICIDIO DOLOSO;2022-01-20;03:00:00;Quinta;Arma de fogo;Masculino;21;Ensino Fundamental Completo;Branca
Tianguá;AIS 27;HOMICIDIO DOLOSO;2022-01-20;07:00:00;Quinta;Arma de fogo;Masculino;25;Não Informada;Não Informada
Fortaleza;AIS 06;HOMICIDIO DOLOSO;2022-01-20;16:00:00;Quinta;Arma branca;Masculino;45;Alfabetizado;Não Informada
Caucaia;AIS 12;HOMICIDIO DOLOSO;2022-01-20;18:20:00;Quinta;Arma de fogo;Feminino;16;Alfabetizado;Não Informada
Mulungu;AIS 29;HOMICIDIO DOLOSO;2022-01-20;19:51:59;Quinta;Arma de fogo;Masculino;26;Não Alfabetizado;Parda
Chorozinho;AIS 25;HOMICIDIO DOLOSO;2022-01-20;20:00:00;Quinta;Arma de fogo;Masculino;25;Ensino Médio Incompleto;Não Informada
Alto Santo;AIS 31;HOMICIDIO DOLOSO;2022-01-20;21:00:00;Quinta;Arma de fogo;Masculino;37;Não Alfabetizado;Branca
Fortaleza;AIS 16;HOMICIDIO DOLOSO;2022-01-20;22:00:00;Quinta;Arma de fogo;Masculino;30;Ensino Fundamental Incompleto;Não Informada
Morada Nova;AIS 09;HOMICIDIO DOLOSO;2022-01-21;11:00:00;Sexta;Arma de fogo;Masculino;23;Alfabetizado;Não Informada
Russas;AIS 01;HOMICIDIO DOLOSO;2022-01-21;21:00:00;Sexta;Arma de fogo;Masculino;41;Alfabetizado;Não Informada
Fortaleza;AIS 20;HOMICIDIO DOLOSO;2022-01-21;22:25:00;Sexta;Arma de fogo;Masculino;27;Ensino Fundamental Completo;Não Informada
Juazeiro do Norte;AIS 02;HOMICIDIO DOLOSO;2022-01-21;22:30:00;Sexta;Arma de fogo;Masculino;25;Não Informada;Não Informada
Capistrano;AIS 29;HOMICIDIO DOLOSO;2022-01-21;22:30:00;Sexta;Arma de fogo;Masculino;18;Ensino Médio Completo;Não Informada
Fortaleza;AIS 16;HOMICIDIO DOLOSO;2022-01-22;06:00:00;Sábado;Arma de fogo;Masculino;Não Informada;Não Informada;Não Informada
Fortaleza;AIS 22;HOMICIDIO DOLOSO;2022-01-22;06:00:00;Sábado;Arma de fogo;Masculino;25;Alfabetizado;Não Informada
São Gonçalo do Amarante;AIS 23;HOMICIDIO DOLOSO;2022-01-22;09:00:00;Sábado;Arma de fogo;Feminino;34;Ensino Médio Completo;Não Informada
Juazeiro do Norte;AIS 02;HOMICIDIO DOLOSO;2022-01-22;12:09:59;Sábado;Arma de fogo;Masculino;30;Ensino Fundamental Completo;Não Informada
Trairi;AIS 23;HOMICIDIO DOLOSO;2022-01-22;15:29:59;Sábado;Arma de fogo;Masculino;20;Não Informada;Não Informada
Fortaleza;AIS 16;HOMICIDIO DOLOSO;2022-01-22;18:56:00;Sábado;Arma de fogo;Masculino;19;Ensino Fundamental Incompleto;Parda
Crato;AIS 02;HOMICIDIO DOLOSO;2022-01-22;21:30:00;Sábado;Arma de fogo;Masculino;23;Não Informada;Não Informada
Juazeiro do Norte;AIS 02;HOMICIDIO DOLOSO;2022-01-22;21:49:59;Sábado;Arma de fogo;Masculino;21;Ensino Fundamental Incompleto;Não Informada
Redenção;AIS 29;HOMICIDIO DOLOSO;2022-01-22;23:19:59;Sábado;Arma de fogo;Masculino;31;Ensino Fundamental Completo;Parda
Tianguá;AIS 27;HOMICIDIO DOLOSO;2022-01-23;01:00:00;Domingo;Arma de fogo;Feminino;26;Alfabetizado;Não Informada
Itarema;AIS 11;HOMICIDIO DOLOSO;2022-01-23;02:00:00;Domingo;Arma de fogo;Masculino;18;Alfabetizado;Não Informada
Maracanaú;AIS 14;HOMICIDIO DOLOSO;2022-01-23;02:10:00;Domingo;Arma de fogo;Masculino;49;Ensino Médio Completo;Branca
Redenção;AIS 29;HOMICIDIO DOLOSO;2022-01-23;10:00:00;Domingo;Arma branca;Masculino;49;Alfabetizado;Parda
Barreira;AIS 29;HOMICIDIO DOLOSO;2022-01-23;10:30:00;Domingo;Arma de fogo;Masculino;42;Ensino Fundamental Incompleto;Parda
Aquiraz;AIS 15;HOMICIDIO DOLOSO;2022-01-23;14:17:00;Domingo;Arma branca;Masculino;41;Alfabetizado;Não Informada
Aracoiaba;AIS 29;HOMICIDIO DOLOSO;2022-01-23;15:00:00;Domingo;Arma de fogo;Masculino;27;Ensino Fundamental Incompleto;Não Informada
Fortaleza;AIS 20;HOMICIDIO DOLOSO;2022-01-23;16:59:59;Domingo;Arma de fogo;Masculino;17;Ensino Fundamental Completo;Não Informada
Caridade;AIS 04;HOMICIDIO DOLOSO;2022-01-23;17:00:00;Domingo;Arma branca;Masculino;26;Alfabetizado;Não Informada
Maranguape;AIS 24;HOMICIDIO DOLOSO;2022-01-23;19:40:00;Domingo;Arma de fogo;Masculino;30;Alfabetizado;Parda
Quixadá;AIS 09;HOMICIDIO DOLOSO;2022-01-23;19:59:59;Domingo;Arma branca;Masculino;26;Não Informada;Parda
Beberibe;AIS 30;HOMICIDIO DOLOSO;2022-01-23;21:29:59;Domingo;Arma de fogo;Masculino;34;Não Informada;Não Informada
Juazeiro do Norte;AIS 02;HOMICIDIO DOLOSO;2022-01-24;00:20:00;Segunda;Arma de fogo;Masculino;20;Ensino Fundamental Incompleto;Não Informada
Horizonte;AIS 25;HOMICIDIO DOLOSO;2022-01-24;01:54:59;Segunda;Arma de fogo;Masculino;Não Informada;Não Informada;Não Informada
Cruz;AIS 11;HOMICIDIO DOLOSO;2022-01-24;04:59:59;Segunda;Arma de fogo;Masculino;28;Não Alfabetizado;Não Informada
Icapuí;AIS 30;HOMICIDIO DOLOSO;2022-01-24;07:00:00;Segunda;Arma de fogo;Masculino;22;Alfabetizado;Não Informada
Pacajus;AIS 25;HOMICIDIO DOLOSO;2022-01-24;11:30:00;Segunda;Arma de fogo;Masculino;49;Alfabetizado;Não Informada
Tianguá;AIS 27;HOMICIDIO DOLOSO;2022-01-24;14:44:59;Segunda;Arma de fogo;Masculino;19;Alfabetizado;Parda
Quixeré;AIS 01;HOMICIDIO DOLOSO;2022-01-24;20:00:00;Segunda;Arma de fogo;Masculino;35;Ensino Fundamental Incompleto;Não Informada
Fortaleza;AIS 21;HOMICIDIO DOLOSO;2022-01-24;21:41:00;Segunda;Arma de fogo;Feminino;47;Ensino Fundamental Incompleto;Não Informada
Quixeré;AIS 01;HOMICIDIO DOLOSO;2022-01-25;06:29:59;Terça;Arma de fogo;Masculino;25;Alfabetizado;Parda
Maracanaú;AIS 14;HOMICIDIO DOLOSO;2022-01-25;06:40:00;Terça;Arma de fogo;Masculino;27;Alfabetizado;Branca
Juazeiro do Norte;AIS 02;HOMICIDIO DOLOSO;2022-01-25;10:49:59;Terça;Arma de fogo;Masculino;43;Não Informada;Não Informada
Fortaleza;AIS 19;HOMICIDIO DOLOSO;2022-01-25;14:30:00;Terça;Arma de fogo;Masculino;26;Ensino Médio Completo;Não Informada
Croatá;AIS 27;HOMICIDIO DOLOSO;2022-01-26;06:00:00;Quarta;Arma de fogo;Masculino;41;Superior Completo;Parda
Maracanaú;AIS 14;HOMICIDIO DOLOSO;2022-01-26;10:39:59;Quarta;Arma de fogo;Masculino;15;Alfabetizado;Não Informada
Fortaleza;AIS 06;HOMICIDIO DOLOSO;2022-01-26;12:29:59;Quarta;Arma de fogo;Feminino;23;Ensino Médio Completo;Não Informada
Frecheirinha;AIS 03;HOMICIDIO DOLOSO;2022-01-26;18:00:00;Quarta;Arma de fogo;Masculino;28;Alfabetizado;Não Informada
Pindoretama;AIS 15;HOMICIDIO DOLOSO;2022-01-26;21:00:00;Quarta;Arma de fogo;Masculino;18;Não Informada;Não Informada
Aquiraz;AIS 15;HOMICIDIO DOLOSO;2022-01-27;00:36:59;Quinta;Arma de fogo;Feminino;31;Ensino Fundamental Completo;Não Informada
Caucaia;AIS 12;HOMICIDIO DOLOSO;2022-01-27;01:59:59;Quinta;Arma branca;Masculino;Não Informada;Não Informada;Não Informada
Apuiarés;AIS 11;HOMICIDIO DOLOSO;2022-01-27;04:00:00;Quinta;Outros meios;Masculino;40;Alfabetizado;Não Informada
Brejo Santo;AIS 32;HOMICIDIO DOLOSO;2022-01-27;04:20:00;Quinta;Arma de fogo;Masculino;41;Alfabetizado;Não Informada
Canindé;AIS 04;HOMICIDIO DOLOSO;2022-01-27;13:30:00;Quinta;Arma branca;Masculino;32;Ensino Fundamental Completo;Não Informada
Fortaleza;AIS 18;HOMICIDIO DOLOSO;2022-01-27;17:19:59;Quinta;Arma de fogo;Masculino;28;Ensino Médio Completo;Não Informada
Coreaú;AIS 03;HOMICIDIO DOLOSO;2022-01-27;18:30:00;Quinta;Arma de fogo;Masculino;36;Alfabetizado;Não Informada
Tianguá;AIS 27;HOMICIDIO DOLOSO;2022-01-27;19:30:00;Quinta;Arma de fogo;Feminino;33;Ensino Fundamental Incompleto;Branca
Granja;AIS 28;HOMICIDIO DOLOSO;2022-01-28;00:00:00;Sexta;Arma de fogo;Masculino;49;Alfabetizado;Preta
Fortaleza;AIS 18;HOMICIDIO DOLOSO;2022-01-28;06:13:00;Sexta;Arma de fogo;Masculino;40;Alfabetizado;Parda
Caucaia;AIS 26;HOMICIDIO DOLOSO;2022-01-28;08:41:59;Sexta;Arma de fogo;Masculino;20;Não Informada;Parda
Fortaleza;AIS 16;HOMICIDIO DOLOSO;2022-01-28;10:56:59;Sexta;Arma de fogo;Masculino;30;Alfabetizado;Preta
Itaitinga;AIS 25;HOMICIDIO DOLOSO;2022-01-28;13:29:00;Sexta;Arma de fogo;Masculino;27;Superior Incompleto;Não Informada
Iguatu;AIS 10;HOMICIDIO DOLOSO;2022-01-28;21:00:00;Sexta;Arma de fogo;Masculino;39;Não Informada;Não Informada
Campos Sales;AIS 33;HOMICIDIO DOLOSO;2022-01-28;21:29:59;Sexta;Arma de fogo;Feminino;23;Ensino Fundamental Incompleto;Parda
Boa Viagem;AIS 04;HOMICIDIO DOLOSO;2022-01-28;23:50:00;Sexta;Arma de fogo;Masculino;29;Alfabetizado;Não Informada
Pacajus;AIS 25;HOMICIDIO DOLOSO;2022-01-29;01:45:00;Sábado;Arma branca;Masculino;26;Alfabetizado;Não Informada
Horizonte;AIS 25;HOMICIDIO DOLOSO;2022-01-29;08:00:00;Sábado;Arma de fogo;Masculino;44;Ensino Fundamental Incompleto;Não Informada
Chorozinho;AIS 25;HOMICIDIO DOLOSO;2022-01-29;10:00:00;Sábado;Arma de fogo;Masculino;48;Ensino Médio Completo;Não Informada
Pacatuba;AIS 24;HOMICIDIO DOLOSO;2022-01-29;12:09:59;Sábado;Arma de fogo;Masculino;67;Ensino Fundamental Completo;Não Informada
Pentecoste;AIS 11;HOMICIDIO DOLOSO;2022-01-29;13:00:00;Sábado;Arma de fogo;Masculino;68;Alfabetizado;Parda
Juazeiro do Norte;AIS 02;HOMICIDIO DOLOSO;2022-01-29;17:44:59;Sábado;Arma de fogo;Masculino;28;Ensino Fundamental Incompleto;Não Informada
Fortaleza;AIS 22;HOMICIDIO DOLOSO;2022-01-29;23:30:00;Sábado;Arma de fogo;Masculino;30;Ensino Fundamental Incompleto;Parda
Maracanaú;AIS 14;HOMICIDIO DOLOSO;2022-01-30;01:10:00;Domingo;Arma de fogo;Masculino;28;Ensino Médio Completo;Não Informada
Caucaia;AIS 12;HOMICIDIO DOLOSO;2022-01-30;01:59:59;Domingo;Arma de fogo;Masculino;43;Alfabetizado;Não Informada
Fortaleza;AIS 17;HOMICIDIO DOLOSO;2022-01-30;02:44:59;Domingo;Arma de fogo;Masculino;22;Ensino Médio Incompleto;Não Informada
Monsenhor Tabosa;AIS 07;HOMICIDIO DOLOSO;2022-01-30;03:30:00;Domingo;Arma de fogo;Masculino;21;Ensino Fundamental Completo;Não Informada
Tururu;AIS 11;HOMICIDIO DOLOSO;2022-01-30;04:59:59;Domingo;Arma de fogo;Masculino;22;Não Informada;Parda
Juazeiro do Norte;AIS 02;HOMICIDIO DOLOSO;2022-01-30;04:59:59;Domingo;Arma de fogo;Masculino;41;Ensino Médio Incompleto;Não Informada
Fortaleza;AIS 21;HOMICIDIO DOLOSO;2022-01-30;06:00:00;Domingo;Outros meios;Masculino;45;Ensino Fundamental Incompleto;Não Informada
Lavras da Mangabeira;AIS 34;HOMICIDIO DOLOSO;2022-01-30;06:00:00;Domingo;Arma de fogo;Masculino;30;Alfabetizado;Não Informada
Caridade;AIS 04;HOMICIDIO DOLOSO;2022-01-30;17:30:00;Domingo;Arma branca;Masculino;33;Alfabetizado;Preta
Nova Olinda;AIS 02;HOMICIDIO DOLOSO;2022-01-30;18:29:59;Domingo;Arma de fogo;Masculino;33;Alfabetizado;Não Informada
Limoeiro do Norte;AIS 01;HOMICIDIO DOLOSO;2022-01-30;21:49:59;Domingo;Arma de fogo;Masculino;28;Alfabetizado;Não Informada
Maranguape;AIS 24;HOMICIDIO DOLOSO;2022-01-30;22:00:00;Domingo;Arma de fogo;Masculino;25;Ensino Fundamental Incompleto;Não Informada
Fortaleza;AIS 18;ROUBO SEGUIDO DE MORTE (LATROCINIO);2022-01-31;00:36:59;Segunda;Arma de fogo;Masculino;34;Ensino Médio Completo;Não Informada
Tururu;AIS 11;HOMICIDIO DOLOSO;2022-01-31;01:45:00;Segunda;Arma de fogo;Masculino;18;Ensino Fundamental Incompleto;Não Informada
Fortaleza;AIS 16;HOMICIDIO DOLOSO;2022-01-31;06:09:59;Segunda;Arma de fogo;Masculino;Não Informada;Não Informada;Não Informada
Fortaleza;AIS 17;HOMICIDIO DOLOSO;2022-01-31;06:36:59;Segunda;Arma de fogo;Masculino;41;Alfabetizado;Não Informada
Fortaleza;AIS 21;HOMICIDIO DOLOSO;2022-01-31;09:40:00;Segunda;Arma de fogo;Masculino;Não Informada;Não Informada;Não Informada
Fortaleza;AIS 16;HOMICIDIO DOLOSO;2022-01-31;12:38:00;Segunda;Arma de fogo;Masculino;27;Ensino Fundamental Incompleto;Parda
Fortaleza;AIS 16;HOMICIDIO DOLOSO;2022-01-31;13:30:00;Segunda;Outros meios;Masculino;Não Informada;Não Informada;Não Informada
Ibicuitinga;AIS 09;HOMICIDIO DOLOSO;2022-01-31;17:00:00;Segunda;Arma de fogo;Masculino;19;Ensino Médio Completo;Não Informada
Maranguape;AIS 24;HOMICIDIO DOLOSO;2022-01-31;22:16:00;Segunda;Arma de fogo;Masculino;24;Alfabetizado;Não Informada
São Luís do Curu;AIS 23;HOMICIDIO DOLOSO;2022-02-01;03:00:00;Terça;Arma de fogo;Feminino;32;Alfabetizado;Não Informada
São Luís do Curu;AIS 23;HOMICIDIO DOLOSO;2022-02-01;03:00:00;Terça;Arma de fogo;Masculino;26;Ensino Fundamental Incompleto;Não Informada
Caucaia;AIS 26;HOMICIDIO DOLOSO;2022-02-01;07:45:00;Terça;Arma de fogo;Masculino;27;Alfabetizado;Não Informada
Jucás;AIS 10;HOMICIDIO DOLOSO;2022-02-01;08:30:00;Terça;Outros meios;Masculino;61;Não Alfabetizado;Não Informada
Capistrano;AIS 29;HOMICIDIO DOLOSO;2022-02-01;09:10:00;Terça;Arma de fogo;Masculino;24;Ensino Fundamental Incompleto;Não Informada
Cascavel;AIS 15;HOMICIDIO DOLOSO;2022-02-01;15:40:00;Terça;Arma de fogo;Masculino;64;Alfabetizado;Parda
Morada Nova;AIS 09;HOMICIDIO DOLOSO;2022-02-01;16:00:00;Terça;Arma de fogo;Masculino;46;Não Informada;Não Informada
Horizonte;AIS 25;HOMICIDIO DOLOSO;2022-02-01;22:30:00;Terça;Arma de fogo;Masculino;18;Não Informada;Não Informada
Caucaia;AIS 12;HOMICIDIO DOLOSO;2022-02-02;04:59:59;Quarta;Arma de fogo;Masculino;28;Ensino Médio Completo;Não Informada
São Gonçalo do Amarante;AIS 23;HOMICIDIO DOLOSO;2022-02-02;12:00:00;Quarta;Arma de fogo;Feminino;20;Ensino Fundamental Incompleto;Não Informada
Massapê;AIS 03;HOMICIDIO DOLOSO;2022-02-02;16:59:59;Quarta;Arma branca;Masculino;61;Não Informada;Parda
Russas;AIS 01;HOMICIDIO DOLOSO;2022-02-02;17:30:00;Quarta;Arma de fogo;Masculino;28;Ensino Fundamental Incompleto;Parda
Fortaleza;AIS 21;HOMICIDIO DOLOSO;2022-02-02;20:58:00;Quarta;Arma de fogo;Masculino;25;Alfabetizado;Não Informada
Caucaia;AIS 26;HOMICIDIO DOLOSO;2022-02-03;05:57:00;Quinta;Arma de fogo;Feminino;27;Ensino Fundamental Incompleto;Parda
Jucás;AIS 10;HOMICIDIO DOLOSO;2022-02-03;13:49:59;Quinta;Arma de fogo;Masculino;19;Ensino Fundamental Completo;Não Informada
Pacajus;AIS 25;HOMICIDIO DOLOSO;2022-02-03;17:00:00;Quinta;Arma de fogo;Masculino;37;Ensino Fundamental Incompleto;Não Informada
Mulungu;AIS 29;HOMICIDIO DOLOSO;2022-02-03;19:30:00;Quinta;Arma de fogo;Masculino;28;Ensino Médio Completo;Parda
Maracanaú;AIS 14;HOMICIDIO DOLOSO;2022-02-03;22:41:00;Quinta;Arma de fogo;Masculino;17;Alfabetizado;Não Informada
Sobral;AIS 03;HOMICIDIO DOLOSO;2022-02-03;23:00:00;Quinta;Arma de fogo;Masculino;22;Ensino Médio Completo;Não Informada
Monsenhor Tabosa;AIS 07;HOMICIDIO DOLOSO;2022-02-04;01:30:00;Sexta;Arma de fogo;Masculino;27;Ensino Médio Completo;Não Informada
Mulungu;AIS 29;HOMICIDIO DOLOSO;2022-02-04;02:30:00;Sexta;Arma de fogo;Masculino;22;Alfabetizado;Parda
Mulungu;AIS 29;HOMICIDIO DOLOSO;2022-02-04;02:30:00;Sexta;Arma de fogo;Masculino;24;Alfabetizado;Parda
Fortaleza;AIS 18;HOMICIDIO DOLOSO;2022-02-04;07:59:59;Sexta;Arma de fogo;Masculino;21;Não Alfabetizado;Não Informada
Fortaleza;AIS 21;HOMICIDIO DOLOSO;2022-02-04;15:26:59;Sexta;Arma de fogo;Masculino;15;Não Informada;Não Informada
Fortaleza;AIS 21;HOMICIDIO DOLOSO;2022-02-04;17:08:59;Sexta;Arma de fogo;Masculino;Não Informada;Não Informada;Não Informada
Juazeiro do Norte;AIS 02;HOMICIDIO DOLOSO;2022-02-04;19:30:00;Sexta;Arma de fogo;Masculino;39;Ensino Fundamental Incompleto;Não Informada
Fortaleza;AIS 19;HOMICIDIO DOLOSO;2022-02-04;19:39:59;Sexta;Arma de fogo;Masculino;27;Não Informada;Não Informada
Aquiraz;AIS 15;HOMICIDIO DOLOSO;2022-02-04;19:59:59;Sexta;Arma de fogo;Masculino;30;Ensino Médio Incompleto;Não Informada
Fortaleza;AIS 20;HOMICIDIO DOLOSO;2022-02-04;20:19:59;Sexta;Arma de fogo;Masculino;21;Ensino Médio Incompleto;Parda
Fortaleza;AIS 19;HOMICIDIO DOLOSO;2022-02-04;22:30:00;Sexta;Arma de fogo;Masculino;14;Ensino Fundamental Completo;Parda
Pacatuba;AIS 24;HOMICIDIO DOLOSO;2022-02-04;22:50:00;Sexta;Arma de fogo;Feminino;22;Alfabetizado;Não Informada
Sobral;AIS 03;HOMICIDIO DOLOSO;2022-02-05;01:14:59;Sábado;Arma de fogo;Masculino;36;Alfabetizado;Parda
Icó;AIS 34;FEMINICÍDIO;2022-02-05;01:59:59;Sábado;Arma branca;Feminino;58;Ensino Médio Completo;Não Informada
Fortaleza;AIS 19;HOMICIDIO DOLOSO;2022-02-05;06:09:59;Sábado;Arma de fogo;Masculino;27;Ensino Fundamental Incompleto;Parda
Aracoiaba;AIS 29;HOMICIDIO DOLOSO;2022-02-05;06:29:59;Sábado;Arma de fogo;Masculino;55;Alfabetizado;Não Informada
Maracanaú;AIS 14;HOMICIDIO DOLOSO;2022-02-05;08:12:00;Sábado;Arma de fogo;Masculino;22;Alfabetizado;Não Informada
Morada Nova;AIS 09;HOMICIDIO DOLOSO;2022-02-05;08:15:00;Sábado;Arma branca;Masculino;48;Alfabetizado;Não Informada
Solonópole;AIS 09;HOMICIDIO DOLOSO;2022-02-05;09:00:00;Sábado;Arma de fogo;Masculino;42;Ensino Médio Completo;Não Informada
Maracanaú;AIS 14;HOMICIDIO DOLOSO;2022-02-05;09:24:00;Sábado;Arma de fogo;Masculino;38;Ensino Médio Completo;Não Informada
Fortaleza;AIS 08;HOMICIDIO DOLOSO;2022-02-05;16:59:59;Sábado;Arma de fogo;Masculino;25;Alfabetizado;Não Informada
Fortaleza;AIS 16;HOMICIDIO DOLOSO;2022-02-05;19:00:00;Sábado;Arma de fogo;Masculino;22;Ensino Médio Completo;Não Informada
Trairi;AIS 23;HOMICIDIO DOLOSO;2022-02-05;20:30:00;Sábado;Arma de fogo;Masculino;42;Alfabetizado;Não Informada
Independência;AIS 07;FEMINICÍDIO;2022-02-06;02:00:00;Domingo;Arma de fogo;Feminino;42;Ensino Fundamental Incompleto;Não Informada
Camocim;AIS 28;HOMICIDIO DOLOSO;2022-02-06;03:19:59;Domingo;Arma de fogo;Masculino;19;Alfabetizado;Branca
Monsenhor Tabosa;AIS 07;HOMICIDIO DOLOSO;2022-02-06;06:30:00;Domingo;Arma de fogo;Masculino;49;Ensino Fundamental Incompleto;Não Informada
Jijoca de Jericoacoara;AIS 11;HOMICIDIO DOLOSO;2022-02-06;07:20:00;Domingo;Arma de fogo;Masculino;21;Ensino Fundamental Incompleto;Parda
Fortaleza;AIS 16;FEMINICÍDIO;2022-02-06;13:30:00;Domingo;Arma branca;Feminino;20;Alfabetizado;Não Informada
Cascavel;AIS 15;HOMICIDIO DOLOSO;2022-02-06;14:00:00;Domingo;Arma de fogo;Masculino;21;Alfabetizado;Não Informada
Maranguape;AIS 24;HOMICIDIO DOLOSO;2022-02-06;15:00:00;Domingo;Arma de fogo;Masculino;24;Não Informada;Branca
Acaraú;AIS 11;HOMICIDIO DOLOSO;2022-02-06;15:00:00;Domingo;Outros meios;Masculino;26;Alfabetizado;Não Informada
Fortaleza;AIS 17;HOMICIDIO DOLOSO;2022-02-06;17:19:59;Domingo;Arma de fogo;Masculino;17;Ensino Médio Incompleto;Não Informada
Guaiúba;AIS 24;HOMICIDIO DOLOSO;2022-02-06;18:39:00;Domingo;Arma de fogo;Masculino;51;Ensino Fundamental Incompleto;Não Informada
Maracanaú;AIS 14;HOMICIDIO DOLOSO;2022-02-06;20:50:00;Domingo;Arma de fogo;Masculino;30;Alfabetizado;Não Informada
Limoeiro do Norte;AIS 01;HOMICIDIO DOLOSO;2022-02-06;22:30:00;Domingo;Arma de fogo;Masculino;24;Ensino Fundamental Completo;Parda
Fortaleza;AIS 05;HOMICIDIO DOLOSO;2022-02-06;22:30:00;Domingo;Arma de fogo;Masculino;21;Não Informada;Parda
Jaguaretama;AIS 09;HOMICIDIO DOLOSO;2022-02-06;22:30:00;Domingo;Arma branca;Feminino;23;Ensino Fundamental Incompleto;Não Informada
Fortaleza;AIS 20;HOMICIDIO DOLOSO;2022-02-07;00:01:00;Segunda;Arma de fogo;Masculino;25;Ensino Fundamental Completo;Não Informada
Fortaleza;AIS 20;HOMICIDIO DOLOSO;2022-02-07;00:01:00;Segunda;Arma de fogo;Masculino;21;Ensino Médio Incompleto;Não Informada
Fortaleza;AIS 05;HOMICIDIO DOLOSO;2022-02-07;00:35:00;Segunda;Arma de fogo;Masculino;23;Não Informada;Não Informada
Jaguaretama;AIS 09;HOMICIDIO DOLOSO;2022-02-07;04:30:00;Segunda;Arma de fogo;Feminino;14;Alfabetizado;Parda
Baturité;AIS 29;HOMICIDIO DOLOSO;2022-02-07;04:45:00;Segunda;Arma de fogo;Masculino;24;Ensino Fundamental Incompleto;Não Informada
Fortaleza;AIS 19;HOMICIDIO DOLOSO;2022-02-07;11:26:00;Segunda;Arma de fogo;Masculino;28;Alfabetizado;Não Informada
Paraipaba;AIS 23;HOMICIDIO DOLOSO;2022-02-07;13:20:00;Segunda;Arma de fogo;Masculino;35;Alfabetizado;Não Informada
Fortaleza;AIS 16;HOMICIDIO DOLOSO;2022-02-07;13:30:00;Segunda;Arma de fogo;Masculino;16;Ensino Fundamental Incompleto;Parda
Fortaleza;AIS 16;HOMICIDIO DOLOSO;2022-02-07;13:30:00;Segunda;Arma de fogo;Masculino;17;Não Informada;Não Informada
Catunda;AIS 07;HOMICIDIO DOLOSO;2022-02-07;14:53:00;Segunda;Arma de fogo;Masculino;24;Ensino Médio Completo;Não Informada
Maracanaú;AIS 14;HOMICIDIO DOLOSO;2022-02-07;16:30:00;Segunda;Arma de fogo;Masculino;37;Ensino Médio Completo;Não Informada
Juazeiro do Norte;AIS 02;HOMICIDIO DOLOSO;2022-02-07;20:30:00;Segunda;Arma de fogo;Masculino;17;Ensino Fundamental Incompleto;Parda
Quixadá;AIS 09;HOMICIDIO DOLOSO;2022-02-07;20:30:00;Segunda;Arma de fogo;Feminino;37;Alfabetizado;Não Informada
Fortaleza;AIS 20;HOMICIDIO DOLOSO;2022-02-07;20:39:59;Segunda;Arma de fogo;Masculino;46;Ensino Médio Incompleto;Não Informada
Santana do Acaraú;AIS 03;HOMICIDIO DOLOSO;2022-02-07;23:00:00;Segunda;Arma de fogo;Feminino;33;Ensino Fundamental Completo;Preta
Caucaia;AIS 12;HOMICIDIO DOLOSO;2022-02-07;23:35:00;Segunda;Arma de fogo;Masculino;24;Ensino Fundamental Incompleto;Não Informada
Fortaleza;AIS 16;HOMICIDIO DOLOSO;2022-02-08;01:00:00;Terça;Arma de fogo;Masculino;34;Ensino Fundamental Completo;Parda
Juazeiro do Norte;AIS 02;HOMICIDIO DOLOSO;2022-02-08;03:00:00;Terça;Arma de fogo;Masculino;29;Ensino Fundamental Completo;Parda
Juazeiro do Norte;AIS 02;HOMICIDIO DOLOSO;2022-02-08;03:00:00;Terça;Arma de fogo;Feminino;57;Alfabetizado;Parda
Juazeiro do Norte;AIS 02;HOMICIDIO DOLOSO;2022-02-08;03:00:00;Terça;Arma de fogo;Masculino;16;Não Alfabetizado;Não Informada
Juazeiro do Norte;AIS 02;HOMICIDIO DOLOSO;2022-02-08;03:00:00;Terça;Arma de fogo;Masculino;34;Ensino Fundamental Completo;Não Informada
Juazeiro do Norte;AIS 02;HOMICIDIO DOLOSO;2022-02-08;03:00:00;Terça;Arma de fogo;Feminino;44;Alfabetizado;Não Informada
Fortaleza;AIS 18;HOMICIDIO DOLOSO;2022-02-08;16:00:00;Terça;Arma de fogo;Masculino;28;Ensino Médio Completo;Não Informada
Itaitinga;AIS 25;HOMICIDIO DOLOSO;2022-02-08;17:37:59;Terça;Arma de fogo;Masculino;Não Informada;Não Informada;Não Informada
Fortaleza;AIS 20;HOMICIDIO DOLOSO;2022-02-09;01:23:59;Quarta;Arma de fogo;Masculino;46;Ensino Médio Completo;Parda
Horizonte;AIS 25;HOMICIDIO DOLOSO;2022-02-09;01:30:00;Quarta;Arma de fogo;Feminino;27;Ensino Fundamental Completo;Parda
Limoeiro do Norte;AIS 01;HOMICIDIO DOLOSO;2022-02-09;03:30:00;Quarta;Arma de fogo;Masculino;24;Ensino Fundamental Incompleto;Não Informada
Pacatuba;AIS 24;HOMICIDIO DOLOSO;2022-02-09;07:00:00;Quarta;Arma de fogo;Masculino;25;Ensino Médio Incompleto;Não Informada
Fortaleza;AIS 18;HOMICIDIO DOLOSO;2022-02-09;10:00:00;Quarta;Arma de fogo;Masculino;29;Alfabetizado;Não Informada
Monsenhor Tabosa;AIS 07;HOMICIDIO DOLOSO;2022-02-09;13:30:00;Quarta;Arma de fogo;Masculino;23;Ensino Fundamental Incompleto;Não Informada
Apuiarés;AIS 11;HOMICIDIO DOLOSO;2022-02-09;18:49:59;Quarta;Arma de fogo;Masculino;39;Alfabetizado;Parda
Itaitinga;AIS 25;HOMICIDIO DOLOSO;2022-02-09;21:54:00;Quarta;Arma de fogo;Masculino;44;Ensino Fundamental Incompleto;Não Informada
Fortaleza;AIS 16;HOMICIDIO DOLOSO;2022-02-10;00:45:00;Quinta;Outros meios;Masculino;22;Não Informada;Não Informada
Ibicuitinga;AIS 09;HOMICIDIO DOLOSO;2022-02-10;03:00:00;Quinta;Arma de fogo;Masculino;22;Alfabetizado;Não Informada
Iguatu;AIS 10;HOMICIDIO DOLOSO;2022-02-10;05:45:00;Quinta;Arma de fogo;Masculino;30;Alfabetizado;Parda
Maracanaú;AIS 14;HOMICIDIO DOLOSO;2022-02-10;07:11:59;Quinta;Outros meios;Masculino;20;Ensino Fundamental Incompleto;Não Informada
Madalena;AIS 04;HOMICIDIO DOLOSO;2022-02-10;07:30:00;Quinta;Arma de fogo;Masculino;43;Alfabetizado;Parda
Eusébio;AIS 15;HOMICIDIO DOLOSO;2022-02-10;10:40:00;Quinta;Arma de fogo;Masculino;21;Alfabetizado;Não Informada
Pindoretama;AIS 15;HOMICIDIO DOLOSO;2022-02-10;15:29:59;Quinta;Arma de fogo;Masculino;Não Informada;Não Informada;Não Informada
Iguatu;AIS 10;HOMICIDIO DOLOSO;2022-02-10;17:30:00;Quinta;Arma de fogo;Masculino;41;Ensino Fundamental Incompleto;Não Informada
Itapajé;AIS 11;HOMICIDIO DOLOSO;2022-02-10;18:00:00;Quinta;Arma de fogo;Masculino;16;Alfabetizado;Não Informada
São Gonçalo do Amarante;AIS 23;HOMICIDIO DOLOSO;2022-02-10;19:10:00;Quinta;Arma de fogo;Masculino;22;Alfabetizado;Parda
Fortaleza;AIS 06;HOMICIDIO DOLOSO;2022-02-10;22:30:00;Quinta;Arma de fogo;Masculino;27;Ensino Fundamental Incompleto;Não Informada
Maracanaú;AIS 14;HOMICIDIO DOLOSO;2022-02-10;22:45:00;Quinta;Arma de fogo;Masculino;20;Ensino Fundamental Completo;Não Informada
Fortaleza;AIS 17;HOMICIDIO DOLOSO;2022-02-11;06:00:00;Sexta;Outros meios;Masculino;22;Ensino Fundamental Incompleto;Parda
Quixeré;AIS 01;HOMICIDIO DOLOSO;2022-02-11;06:29:59;Sexta;Arma de fogo;Masculino;25;Ensino Médio Completo;Não Informada
Fortaleza;AIS 21;HOMICIDIO DOLOSO;2022-02-11;07:09:59;Sexta;Arma de fogo;Masculino;16;Ensino Médio Incompleto;Parda
Cascavel;AIS 15;HOMICIDIO DOLOSO;2022-02-11;09:00:00;Sexta;Arma de fogo;Masculino;29;Ensino Fundamental Incompleto;Parda
Frecheirinha;AIS 03;HOMICIDIO DOLOSO;2022-02-11;10:30:00;Sexta;Arma de fogo;Masculino;29;Alfabetizado;Parda
Ocara;AIS 29;HOMICIDIO DOLOSO;2022-02-11;11:50:00;Sexta;Arma de fogo;Masculino;61;Ensino Fundamental Incompleto;Não Informada
Fortaleza;AIS 06;HOMICIDIO DOLOSO;2022-02-11;13:39:59;Sexta;Arma de fogo;Masculino;19;Alfabetizado;Parda
Russas;AIS 01;HOMICIDIO DOLOSO;2022-02-11;14:30:00;Sexta;Arma de fogo;Masculino;23;Alfabetizado;Não Informada
Fortaleza;AIS 16;HOMICIDIO DOLOSO;2022-02-11;15:35:00;Sexta;Arma de fogo;Masculino;28;Alfabetizado;Não Informada
Fortaleza;AIS 18;HOMICIDIO DOLOSO;2022-02-11;20:24:59;Sexta;Arma de fogo;Masculino;36;Não Informada;Não Informada
Pentecoste;AIS 11;HOMICIDIO DOLOSO;2022-02-11;21:40:00;Sexta;Arma de fogo;Masculino;17;Ensino Fundamental Completo;Parda
Missão Velha;AIS 02;HOMICIDIO DOLOSO;2022-02-11;22:42:59;Sexta;Arma de fogo;Masculino;25;Ensino Fundamental Incompleto;Não Informada
Apuiarés;AIS 11;HOMICIDIO DOLOSO;2022-02-12;04:00:00;Sábado;Arma de fogo;Masculino;25;Alfabetizado;Preta
Fortaleza;AIS 17;HOMICIDIO DOLOSO;2022-02-12;04:14:59;Sábado;Arma de fogo;Masculino;29;Alfabetizado;Parda
Ubajara;AIS 27;HOMICIDIO DOLOSO;2022-02-12;06:40:00;Sábado;Arma de fogo;Masculino;52;Alfabetizado;Não Informada
Crato;AIS 02;HOMICIDIO DOLOSO;2022-02-12;12:49:59;Sábado;Arma de fogo;Masculino;35;Ensino Fundamental Completo;Não Informada
Fortaleza;AIS 17;HOMICIDIO DOLOSO;2022-02-12;14:00:00;Sábado;Arma de fogo;Masculino;34;Alfabetizado;Não Informada
Fortaleza;AIS 05;HOMICIDIO DOLOSO;2022-02-12;15:00:00;Sábado;Arma de fogo;Masculino;29;Alfabetizado;Não Informada
Fortaleza;AIS 21;HOMICIDIO DOLOSO;2022-02-12;15:11:00;Sábado;Outros meios;Masculino;26;Ensino Fundamental Incompleto;Parda
Fortaleza;AIS 06;HOMICIDIO DOLOSO;2022-02-12;15:15:00;Sábado;Arma de fogo;Masculino;65;Alfabetizado;Não Informada
Fortaleza;AIS 17;HOMICIDIO DOLOSO;2022-02-12;19:59:59;Sábado;Arma de fogo;Masculino;23;Não Informada;Não Informada
Jaguaribe;AIS 31;HOMICIDIO DOLOSO;2022-02-12;21:15:00;Sábado;Arma de fogo;Masculino;25;Alfabetizado;Preta
Fortaleza;AIS 20;HOMICIDIO DOLOSO;2022-02-12;21:15:00;Sábado;Arma de fogo;Masculino;21;Alfabetizado;Não Informada
Limoeiro do Norte;AIS 01;HOMICIDIO DOLOSO;2022-02-12;22:00:00;Sábado;Arma de fogo;Masculino;18;Ensino Fundamental Completo;Não Informada
Acaraú;AIS 11;HOMICIDIO DOLOSO;2022-02-12;22:30:00;Sábado;Arma de fogo;Masculino;21;Não Informada;Não Informada
Forquilha;AIS 03;HOMICIDIO DOLOSO;2022-02-12;22:30:00;Sábado;Arma de fogo;Masculino;35;Ensino Fundamental Completo;Não Informada
Fortaleza;AIS 16;HOMICIDIO DOLOSO;2022-02-12;22:45:00;Sábado;Arma de fogo;Masculino;19;Ensino Fundamental Incompleto;Não Informada
Forquilha;AIS 03;HOMICIDIO DOLOSO;2022-02-12;23:00:00;Sábado;Arma de fogo;Masculino;28;Ensino Fundamental Completo;Parda
Caucaia;AIS 12;HOMICIDIO DOLOSO;2022-02-13;00:19:59;Domingo;Arma de fogo;Masculino;22;Alfabetizado;Não Informada
Crato;AIS 02;HOMICIDIO DOLOSO;2022-02-13;01:00:00;Domingo;Arma de fogo;Masculino;28;Alfabetizado;Não Informada
Aurora;AIS 02;HOMICIDIO DOLOSO;2022-02-13;01:00:00;Domingo;Arma de fogo;Masculino;38;Alfabetizado;Parda
Tauá;AIS 13;HOMICIDIO DOLOSO;2022-02-13;03:00:00;Domingo;Arma de fogo;Masculino;33;Alfabetizado;Não Informada
Fortaleza;AIS 19;HOMICIDIO DOLOSO;2022-02-13;04:04:59;Domingo;Arma de fogo;Masculino;21;Não Informada;Não Informada
Monsenhor Tabosa;AIS 07;HOMICIDIO DOLOSO;2022-02-13;04:45:00;Domingo;Arma de fogo;Masculino;21;Ensino Fundamental Incompleto;Não Informada
Sobral;AIS 03;HOMICIDIO DOLOSO;2022-02-13;10:00:00;Domingo;Arma de fogo;Masculino;17;Alfabetizado;Não Informada
Crato;AIS 02;HOMICIDIO DOLOSO;2022-02-13;19:30:00;Domingo;Arma de fogo;Masculino;22;Ensino Fundamental Incompleto;Não Informada
Horizonte;AIS 25;HOMICIDIO DOLOSO;2022-02-13;21:00:00;Domingo;Arma de fogo;Masculino;35;Ensino Médio Completo;Não Informada
Fortaleza;AIS 19;FEMINICÍDIO;2022-02-13;22:30:00;Domingo;Arma branca;Feminino;30;Ensino Fundamental Completo;Não Informada
Fortaleza;AIS 20;HOMICIDIO DOLOSO;2022-02-14;00:22:59;Segunda;Outros meios;Masculino;Não Informada;Não Informada;Não Informada
Caucaia;AIS 26;HOMICIDIO DOLOSO;2022-02-14;13:05:00;Segunda;Arma de fogo;Masculino;35;Ensino Fundamental Completo;Não Informada
Acaraú;AIS 11;HOMICIDIO DOLOSO;2022-02-14;14:25:00;Segunda;Arma branca;Masculino;31;Não Informada;Não Informada
Limoeiro do Norte;AIS 01;HOMICIDIO DOLOSO;2022-02-14;17:10:00;Segunda;Arma de fogo;Masculino;32;Não Informada;Não Informada
Missão Velha;AIS 02;HOMICIDIO DOLOSO;2022-02-14;20:00:00;Segunda;Arma de fogo;Masculino;32;Ensino Fundamental Completo;Não Informada
Itarema;AIS 11;HOMICIDIO DOLOSO;2022-02-14;20:30:00;Segunda;Arma de fogo;Masculino;21;Alfabetizado;Branca
Fortaleza;AIS 16;HOMICIDIO DOLOSO;2022-02-14;20:58:00;Segunda;Arma de fogo;Masculino;38;Ensino Fundamental Incompleto;Não Informada
Eusébio;AIS 15;HOMICIDIO DOLOSO;2022-02-15;03:15:00;Terça;Arma de fogo;Masculino;24;Não Informada;Não Informada
Fortaleza;AIS 16;HOMICIDIO DOLOSO;2022-02-15;07:57:59;Terça;Arma de fogo;Masculino;27;Alfabetizado;Não Informada
Fortaleza;AIS 17;HOMICIDIO DOLOSO;2022-02-15;09:49:59;Terça;Arma de fogo;Masculino;55;Ensino Médio Completo;Não Informada
Ibicuitinga;AIS 09;HOMICIDIO DOLOSO;2022-02-15;16:30:00;Terça;Arma de fogo;Masculino;46;Alfabetizado;Não Informada
Fortaleza;AIS 06;HOMICIDIO DOLOSO;2022-02-15;19:21:59;Terça;Arma de fogo;Masculino;37;Ensino Fundamental Incompleto;Não Informada
Fortaleza;AIS 08;HOMICIDIO DOLOSO;2022-02-15;21:10:00;Terça;Arma de fogo;Masculino;32;Ensino Médio Completo;Não Informada
Fortaleza;AIS 06;HOMICIDIO DOLOSO;2022-02-15;21:29:00;Terça;Arma de fogo;Masculino;21;Alfabetizado;Não Informada
Fortaleza;AIS 08;HOMICIDIO DOLOSO;2022-02-15;22:00:00;Terça;Arma de fogo;Masculino;Não Informada;Não Informada;Não Informada
Fortaleza;AIS 17;HOMICIDIO DOLOSO;2022-02-15;22:30:00;Terça;Arma de fogo;Masculino;49;Ensino Fundamental Incompleto;Não Informada
Baturité;AIS 29;HOMICIDIO DOLOSO;2022-02-16;03:00:00;Quarta;Arma de fogo;Masculino;19;Alfabetizado;Não Informada
Ubajara;AIS 27;HOMICIDIO DOLOSO;2022-02-16;06:49:59;Quarta;Arma de fogo;Masculino;24;Alfabetizado;Não Informada
Fortaleza;AIS 20;HOMICIDIO DOLOSO;2022-02-16;10:39:59;Quarta;Arma de fogo;Masculino;28;Não Informada;Não Informada
Fortaleza;AIS 16;HOMICIDIO DOLOSO;2022-02-16;12:29:59;Quarta;Arma de fogo;Masculino;37;Não Informada;Não Informada
Crateús;AIS 07;HOMICIDIO DOLOSO;2022-02-16;14:13:00;Quarta;Arma branca;Masculino;26;Alfabetizado;Não Informada
Pacajus;AIS 25;HOMICIDIO DOLOSO;2022-02-16;14:30:00;Quarta;Arma de fogo;Masculino;33;Ensino Médio Completo;Não Informada
Cascavel;AIS 15;HOMICIDIO DOLOSO;2022-02-16;18:38:00;Quarta;Arma de fogo;Masculino;27;Ensino Fundamental Incompleto;Parda
Fortaleza;AIS 16;HOMICIDIO DOLOSO;2022-02-16;19:59:59;Quarta;Arma de fogo;Masculino;33;Ensino Fundamental Incompleto;Parda
Fortaleza;AIS 16;HOMICIDIO DOLOSO;2022-02-16;20:30:00;Quarta;Arma de fogo;Masculino;32;Alfabetizado;Não Informada
Fortaleza;AIS 18;HOMICIDIO DOLOSO;2022-02-17;11:19:00;Quinta;Arma de fogo;Masculino;19;Não Informada;Não Informada
Fortaleza;AIS 16;HOMICIDIO DOLOSO;2022-02-17;15:02:00;Quinta;Arma de fogo;Masculino;17;Não Informada;Não Informada
Fortaleza;AIS 16;HOMICIDIO DOLOSO;2022-02-17;16:59:59;Quinta;Arma de fogo;Masculino;21;Não Informada;Parda
Aquiraz;AIS 15;HOMICIDIO DOLOSO;2022-02-17;17:49:00;Quinta;Arma de fogo;Masculino;18;Alfabetizado;Parda
Aquiraz;AIS 15;HOMICIDIO DOLOSO;2022-02-17;17:49:00;Quinta;Arma de fogo;Masculino;27;Não Informada;Não Informada
Itaitinga;AIS 25;HOMICIDIO DOLOSO;2022-02-17;20:33:00;Quinta;Arma de fogo;Masculino;18;Ensino Fundamental Incompleto;Parda
Fortaleza;AIS 17;HOMICIDIO DOLOSO;2022-02-17;20:36:00;Quinta;Arma de fogo;Masculino;23;Ensino Médio Completo;Não Informada
Fortaleza;AIS 05;HOMICIDIO DOLOSO;2022-02-17;20:44:59;Quinta;Arma de fogo;Masculino;26;Ensino Fundamental Completo;Não Informada
Fortaleza;AIS 18;HOMICIDIO DOLOSO;2022-02-17;21:00:00;Quinta;Arma de fogo;Masculino;25;Ensino Fundamental Incompleto;Não Informada
Itarema;AIS 11;HOMICIDIO DOLOSO;2022-02-18;00:09:59;Sexta;Arma de fogo;Masculino;20;Ensino Fundamental Incompleto;Parda
Aracati;AIS 30;HOMICIDIO DOLOSO;2022-02-18;06:00:00;Sexta;Arma de fogo;Masculino;20;Alfabetizado;Parda
Fortaleza;AIS 19;HOMICIDIO DOLOSO;2022-02-18;17:23:00;Sexta;Arma de fogo;Masculino;16;Alfabetizado;Não Informada
Fortaleza;AIS 19;HOMICIDIO DOLOSO;2022-02-18;17:23:00;Sexta;Arma de fogo;Masculino;27;Ensino Médio Completo;Não Informada
Fortaleza;AIS 22;HOMICIDIO DOLOSO;2022-02-18;17:23:00;Sexta;Arma de fogo;Masculino;18;Alfabetizado;Não Informada
Fortaleza;AIS 19;HOMICIDIO DOLOSO;2022-02-18;17:23:00;Sexta;Arma de fogo;Masculino;21;Alfabetizado;Não Informada
Aquiraz;AIS 15;HOMICIDIO DOLOSO;2022-02-18;19:19:00;Sexta;Arma de fogo;Masculino;33;Alfabetizado;Parda
Santa Quitéria;AIS 07;HOMICIDIO DOLOSO;2022-02-18;21:49:59;Sexta;Arma de fogo;Masculino;24;Ensino Fundamental Incompleto;Não Informada
Uruoca;AIS 28;HOMICIDIO DOLOSO;2022-02-19;02:44:59;Sábado;Arma branca;Feminino;36;Alfabetizado;Não Informada
Mauriti;AIS 32;HOMICIDIO DOLOSO;2022-02-19;03:00:00;Sábado;Arma de fogo;Masculino;35;Alfabetizado;Branca
Jucás;AIS 10;HOMICIDIO DOLOSO;2022-02-19;03:00:00;Sábado;Arma de fogo;Masculino;19;Ensino Fundamental Incompleto;Não Informada
Camocim;AIS 28;HOMICIDIO DOLOSO;2022-02-19;04:00:00;Sábado;Arma de fogo;Masculino;21;Alfabetizado;Não Informada
Pacajus;AIS 25;HOMICIDIO DOLOSO;2022-02-19;08:30:00;Sábado;Arma de fogo;Masculino;38;Não Alfabetizado;Não Informada
Fortaleza;AIS 16;HOMICIDIO DOLOSO;2022-02-19;13:59:59;Sábado;Arma de fogo;Masculino;19;Alfabetizado;Não Informada
Fortaleza;AIS 16;HOMICIDIO DOLOSO;2022-02-19;15:00:00;Sábado;Arma de fogo;Masculino;16;Alfabetizado;Não Informada
Cascavel;AIS 15;HOMICIDIO DOLOSO;2022-02-19;18:30:00;Sábado;Arma de fogo;Masculino;39;Alfabetizado;Não Informada
Senador Pompeu;AIS 09;HOMICIDIO DOLOSO;2022-02-19;19:00:00;Sábado;Arma de fogo;Masculino;24;Alfabetizado;Não Informada
Fortaleza;AIS 16;HOMICIDIO DOLOSO;2022-02-19;20:30:00;Sábado;Arma de fogo;Masculino;14;Alfabetizado;Não Informada
Ipueiras;AIS 07;HOMICIDIO DOLOSO;2022-02-19;20:30:00;Sábado;Outros meios;Masculino;20;Ensino Fundamental Incompleto;Não Informada
Fortaleza;AIS 17;HOMICIDIO DOLOSO;2022-02-19;21:29:59;Sábado;Arma de fogo;Masculino;27;Não Informada;Não Informada
Cascavel;AIS 15;HOMICIDIO DOLOSO;2022-02-19;23:30:00;Sábado;Arma de fogo;Masculino;51;Alfabetizado;Não Informada
Fortaleza;AIS 06;HOMICIDIO DOLOSO;2022-02-20;00:29:59;Domingo;Arma branca;Masculino;41;Ensino Fundamental Completo;Não Informada
Sobral;AIS 03;HOMICIDIO DOLOSO;2022-02-20;03:22:59;Domingo;Arma de fogo;Masculino;24;Não Informada;Não Informada
Cruz;AIS 11;HOMICIDIO DOLOSO;2022-02-20;06:30:00;Domingo;Arma de fogo;Masculino;26;Ensino Fundamental Incompleto;Parda
Fortaleza;AIS 16;HOMICIDIO DOLOSO;2022-02-20;07:23:00;Domingo;Outros meios;Masculino;33;Alfabetizado;Não Informada
Cascavel;AIS 15;HOMICIDIO DOLOSO;2022-02-20;08:00:00;Domingo;Arma de fogo;Masculino;25;Ensino Fundamental Incompleto;Parda
Caucaia;AIS 12;HOMICIDIO DOLOSO;2022-02-20;08:39:59;Domingo;Outros meios;Masculino;Não Informada;Não Informada;Não Informada
Ararendá;AIS 07;HOMICIDIO DOLOSO;2022-02-20;09:30:00;Domingo;Arma de fogo;Masculino;36;Não Informada;Não Informada
São Luís do Curu;AIS 23;HOMICIDIO DOLOSO;2022-02-20;15:29:59;Domingo;Arma de fogo;Masculino;31;Alfabetizado;Não Informada
Fortaleza;AIS 21;LESAO CORPORAL SEGUIDA DE MORTE;2022-02-20;17:59:00;Domingo;Arma branca;Masculino;47;Ensino Fundamental Incompleto;Não Informada
Aquiraz;AIS 15;HOMICIDIO DOLOSO;2022-02-20;18:00:00;Domingo;Arma de fogo;Masculino;15;Alfabetizado;Não Informada
Bela Cruz;AIS 11;HOMICIDIO DOLOSO;2022-02-20;18:10:00;Domingo;Arma de fogo;Masculino;44;Não Informada;Não Informada
Tianguá;AIS 27;FEMINICÍDIO;2022-02-20;23:30:00;Domingo;Outros meios;Feminino;17;Alfabetizado;Não Informada
Itaitinga;AIS 25;HOMICIDIO DOLOSO;2022-02-21;10:20:00;Segunda;Arma de fogo;Masculino;39;Alfabetizado;Não Informada
Fortaleza;AIS 05;HOMICIDIO DOLOSO;2022-02-21;15:49:59;Segunda;Arma de fogo;Masculino;22;Não Informada;Não Informada
Icó;AIS 34;HOMICIDIO DOLOSO;2022-02-21;17:05:00;Segunda;Arma de fogo;Masculino;48;Alfabetizado;Não Informada
Fortaleza;AIS 19;HOMICIDIO DOLOSO;2022-02-21;19:50:00;Segunda;Arma de fogo;Masculino;52;Alfabetizado;Não Informada
Boa Viagem;AIS 04;HOMICIDIO DOLOSO;2022-02-21;20:10:00;Segunda;Arma de fogo;Masculino;45;Não Alfabetizado;Não Informada
Coreaú;AIS 03;HOMICIDIO DOLOSO;2022-02-21;21:00:00;Segunda;Arma de fogo;Feminino;16;Ensino Médio Incompleto;Não Informada
Morada Nova;AIS 09;HOMICIDIO DOLOSO;2022-02-21;21:00:00;Segunda;Arma de fogo;Masculino;27;Ensino Fundamental Incompleto;Não Informada
Fortaleza;AIS 19;HOMICIDIO DOLOSO;2022-02-21;22:54:59;Segunda;Arma de fogo;Masculino;42;Ensino Fundamental Incompleto;Não Informada
Caucaia;AIS 12;HOMICIDIO DOLOSO;2022-02-22;00:00:00;Terça;Arma de fogo;Masculino;21;Ensino Médio Incompleto;Parda
Tejuçuoca;AIS 11;HOMICIDIO DOLOSO;2022-02-22;00:30:00;Terça;Arma de fogo;Masculino;16;Alfabetizado;Não Informada
Mombaça;AIS 13;HOMICIDIO DOLOSO;2022-02-22;03:00:00;Terça;Arma branca;Masculino;28;Alfabetizado;Parda
Quixeré;AIS 01;HOMICIDIO DOLOSO;2022-02-22;15:00:00;Terça;Arma de fogo;Masculino;18;Não Informada;Não Informada
Fortaleza;AIS 17;HOMICIDIO DOLOSO;2022-02-22;18:15:00;Terça;Arma de fogo;Masculino;90;Ensino Fundamental Incompleto;Não Informada
Boa Viagem;AIS 04;HOMICIDIO DOLOSO;2022-02-22;20:30:00;Terça;Arma branca;Masculino;57;Alfabetizado;Não Informada
Pacatuba;AIS 24;HOMICIDIO DOLOSO;2022-02-22;23:03:00;Terça;Arma de fogo;Masculino;20;Alfabetizado;Parda
Crato;AIS 02;HOMICIDIO DOLOSO;2022-02-23;03:00:00;Quarta;Arma de fogo;Masculino;35;Não Alfabetizado;Não Informada
Crato;AIS 02;HOMICIDIO DOLOSO;2022-02-23;03:00:00;Quarta;Arma de fogo;Feminino;37;Alfabetizado;Não Informada
Aquiraz;AIS 15;HOMICIDIO DOLOSO;2022-02-23;07:07:00;Quarta;Arma de fogo;Masculino;52;Alfabetizado;Não Informada
Tianguá;AIS 27;HOMICIDIO DOLOSO;2022-02-23;14:00:00;Quarta;Arma de fogo;Masculino;30;Ensino Médio Completo;Parda
Caucaia;AIS 26;HOMICIDIO DOLOSO;2022-02-23;14:05:00;Quarta;Arma de fogo;Masculino;16;Ensino Fundamental Incompleto;Parda
Trairi;AIS 23;HOMICIDIO DOLOSO;2022-02-23;14:19:59;Quarta;Arma de fogo;Feminino;30;Alfabetizado;Não Informada
Quixelô;AIS 10;HOMICIDIO DOLOSO;2022-02-23;19:00:00;Quarta;Arma de fogo;Masculino;36;Não Informada;Não Informada
Aquiraz;AIS 15;HOMICIDIO DOLOSO;2022-02-23;23:15:00;Quarta;Arma de fogo;Masculino;26;Alfabetizado;Não Informada
Boa Viagem;AIS 04;HOMICIDIO DOLOSO;2022-02-24;00:00:00;Quinta;Arma de fogo;Masculino;23;Ensino Fundamental Completo;Não Informada
Coreaú;AIS 03;HOMICIDIO DOLOSO;2022-02-24;03:00:00;Quinta;Arma branca;Masculino;38;Alfabetizado;Parda
Cascavel;AIS 15;HOMICIDIO DOLOSO;2022-02-24;07:59:59;Quinta;Arma de fogo;Masculino;20;Ensino Médio Incompleto;Não Informada
Tianguá;AIS 27;HOMICIDIO DOLOSO;2022-02-24;07:59:59;Quinta;Arma de fogo;Masculino;20;Alfabetizado;Não Informada
Monsenhor Tabosa;AIS 07;HOMICIDIO DOLOSO;2022-02-24;08:36:00;Quinta;Arma de fogo;Masculino;18;Ensino Fundamental Completo;Parda
Fortaleza;AIS 06;HOMICIDIO DOLOSO;2022-02-24;18:00:00;Quinta;Outros meios;Masculino;54;Ensino Fundamental Incompleto;Não Informada
Caucaia;AIS 12;HOMICIDIO DOLOSO;2022-02-24;19:00:00;Quinta;Arma de fogo;Masculino;19;Alfabetizado;Não Informada
Paraipaba;AIS 23;HOMICIDIO DOLOSO;2022-02-24;20:30:00;Quinta;Arma de fogo;Masculino;22;Ensino Médio Completo;Não Informada
Fortaleza;AIS 21;HOMICIDIO DOLOSO;2022-02-24;21:29:59;Quinta;Arma de fogo;Masculino;22;Superior Incompleto;Não Informada
Fortaleza;AIS 19;HOMICIDIO DOLOSO;2022-02-24;23:30:00;Quinta;Arma de fogo;Masculino;24;Não Informada;Não Informada
Jijoca de Jericoacoara;AIS 11;HOMICIDIO DOLOSO;2022-02-25;02:30:00;Sexta;Arma de fogo;Masculino;19;Ensino Médio Completo;Parda
Tamboril;AIS 07;HOMICIDIO DOLOSO;2022-02-25;05:10:00;Sexta;Arma de fogo;Feminino;39;Ensino Fundamental Completo;Não Informada
Tamboril;AIS 07;HOMICIDIO DOLOSO;2022-02-25;06:00:00;Sexta;Arma de fogo;Masculino;28;Ensino Fundamental Completo;Não Informada
Tamboril;AIS 07;HOMICIDIO DOLOSO;2022-02-25;06:00:00;Sexta;Arma de fogo;Masculino;20;Ensino Fundamental Completo;Não Informada
Croatá;AIS 27;HOMICIDIO DOLOSO;2022-02-25;07:00:00;Sexta;Arma de fogo;Masculino;52;Alfabetizado;Parda
Morada Nova;AIS 09;HOMICIDIO DOLOSO;2022-02-25;13:30:00;Sexta;Arma de fogo;Masculino;32;Ensino Fundamental Incompleto;Branca
Tamboril;AIS 07;HOMICIDIO DOLOSO;2022-02-25;21:00:00;Sexta;Arma branca;Masculino;42;Alfabetizado;Não Informada
Maracanaú;AIS 14;HOMICIDIO DOLOSO;2022-02-25;22:03:00;Sexta;Arma de fogo;Masculino;31;Ensino Fundamental Incompleto;Parda
Fortaleza;AIS 21;HOMICIDIO DOLOSO;2022-02-26;02:43:00;Sábado;Arma de fogo;Masculino;24;Ensino Médio Completo;Não Informada
Cascavel;AIS 15;HOMICIDIO DOLOSO;2022-02-26;03:19:59;Sábado;Arma de fogo;Masculino;18;Ensino Médio Completo;Parda
Cascavel;AIS 15;HOMICIDIO DOLOSO;2022-02-26;03:19:59;Sábado;Arma de fogo;Masculino;56;Não Informada;Não Informada
Horizonte;AIS 25;HOMICIDIO DOLOSO;2022-02-26;07:59:59;Sábado;Arma de fogo;Masculino;31;Alfabetizado;Não Informada
Aquiraz;AIS 15;HOMICIDIO DOLOSO;2022-02-26;13:45:00;Sábado;Arma de fogo;Feminino;23;Ensino Médio Completo;Parda
Jijoca de Jericoacoara;AIS 11;HOMICIDIO DOLOSO;2022-02-26;15:47:00;Sábado;Arma de fogo;Masculino;40;Ensino Fundamental Completo;Branca
Tejuçuoca;AIS 11;HOMICIDIO DOLOSO;2022-02-26;18:29:59;Sábado;Arma de fogo;Masculino;53;Não Alfabetizado;Não Informada
Umirim;AIS 11;HOMICIDIO DOLOSO;2022-02-26;19:00:00;Sábado;Arma de fogo;Masculino;16;Ensino Fundamental Completo;Não Informada
Solonópole;AIS 09;HOMICIDIO DOLOSO;2022-02-26;20:19:59;Sábado;Arma de fogo;Masculino;35;Alfabetizado;Parda
Cascavel;AIS 15;HOMICIDIO DOLOSO;2022-02-26;20:21:00;Sábado;Outros meios;Masculino;27;Alfabetizado;Não Informada
Maracanaú;AIS 14;HOMICIDIO DOLOSO;2022-02-26;20:30:00;Sábado;Arma de fogo;Masculino;32;Ensino Fundamental Completo;Não Informada
Tejuçuoca;AIS 11;HOMICIDIO DOLOSO;2022-02-26;20:30:00;Sábado;Arma branca;Masculino;31;Alfabetizado;Não Informada
Maracanaú;AIS 14;HOMICIDIO DOLOSO;2022-02-26;20:34:00;Sábado;Arma de fogo;Masculino;23;Ensino Médio Completo;Parda
Fortaleza;AIS 21;HOMICIDIO DOLOSO;2022-02-26;21:49:59;Sábado;Arma de fogo;Masculino;35;Alfabetizado;Não Informada
Fortaleza;AIS 06;HOMICIDIO DOLOSO;2022-02-27;01:49:59;Domingo;Arma de fogo;Masculino;26;Ensino Fundamental Incompleto;Não Informada
Caucaia;AIS 12;HOMICIDIO DOLOSO;2022-02-27;01:49:59;Domingo;Arma de fogo;Masculino;27;Alfabetizado;Não Informada
Viçosa do Ceará;AIS 27;HOMICIDIO DOLOSO;2022-02-27;03:00:00;Domingo;Arma branca;Masculino;29;Alfabetizado;Parda
Crato;AIS 02;HOMICIDIO DOLOSO;2022-02-27;04:11:59;Domingo;Arma de fogo;Masculino;22;Ensino Médio Incompleto;Não Informada
Fortaleza;AIS 17;HOMICIDIO DOLOSO;2022-02-27;06:40:00;Domingo;Arma de fogo;Masculino;17;Alfabetizado;Não Informada
Sobral;AIS 03;HOMICIDIO DOLOSO;2022-02-27;10:00:00;Domingo;Arma de fogo;Masculino;30;Alfabetizado;Não Informada
Milhã;AIS 09;HOMICIDIO DOLOSO;2022-02-27;17:19:59;Domingo;Arma de fogo;Masculino;29;Alfabetizado;Não Informada
Fortaleza;AIS 22;HOMICIDIO DOLOSO;2022-02-27;21:00:00;Domingo;Arma de fogo;Masculino;36;Ensino Fundamental Incompleto;Não Informada
Cedro;AIS 34;HOMICIDIO DOLOSO;2022-02-28;01:59:59;Segunda;Arma de fogo;Masculino;24;Não Informada;Parda
Cedro;AIS 34;HOMICIDIO DOLOSO;2022-02-28;01:59:59;Segunda;Arma de fogo;Masculino;25;Ensino Fundamental Incompleto;Não Informada
Caucaia;AIS 26;HOMICIDIO DOLOSO;2022-02-28;07:07:00;Segunda;Arma de fogo;Masculino;25;Ensino Fundamental Incompleto;Não Informada
Forquilha;AIS 03;HOMICIDIO DOLOSO;2022-02-28;07:14:59;Segunda;Arma de fogo;Masculino;19;Ensino Médio Incompleto;Parda
Forquilha;AIS 03;HOMICIDIO DOLOSO;2022-02-28;07:14:59;Segunda;Arma de fogo;Masculino;17;Alfabetizado;Não Informada
Iguatu;AIS 10;FEMINICÍDIO;2022-02-28;17:30:00;Segunda;Arma de fogo;Feminino;32;Alfabetizado;Não Informada
Fortaleza;AIS 18;HOMICIDIO DOLOSO;2022-02-28;21:45:59;Segunda;Arma de fogo;Masculino;18;Ensino Fundamental Completo;Não Informada
Fortaleza;AIS 17;HOMICIDIO DOLOSO;2022-02-28;21:45:59;Segunda;Arma de fogo;Masculino;Não Informada;Não Informada;Não Informada
Tianguá;AIS 27;HOMICIDIO DOLOSO;2022-03-01;01:30:00;Terça;Arma branca;Masculino;24;Ensino Médio Completo;Parda
Tejuçuoca;AIS 11;HOMICIDIO DOLOSO;2022-03-01;03:00:00;Terça;Arma de fogo;Masculino;32;Alfabetizado;Não Informada
Fortaleza;AIS 17;HOMICIDIO DOLOSO;2022-03-01;06:00:00;Terça;Arma de fogo;Masculino;15;Ensino Fundamental Incompleto;Parda
Fortaleza;AIS 19;HOMICIDIO DOLOSO;2022-03-01;14:19:00;Terça;Arma de fogo;Masculino;52;Alfabetizado;Parda
Paracuru;AIS 23;HOMICIDIO DOLOSO;2022-03-01;19:30:00;Terça;Arma de fogo;Masculino;25;Alfabetizado;Parda
Quixeré;AIS 01;HOMICIDIO DOLOSO;2022-03-01;19:59:59;Terça;Arma de fogo;Masculino;19;Ensino Médio Incompleto;Parda
Caucaia;AIS 12;HOMICIDIO DOLOSO;2022-03-01;23:19:59;Terça;Arma de fogo;Masculino;44;Não Alfabetizado;Parda
Caucaia;AIS 12;HOMICIDIO DOLOSO;2022-03-01;23:19:59;Terça;Arma de fogo;Feminino;49;Não Alfabetizado;Não Informada
Ipaporanga;AIS 07;HOMICIDIO DOLOSO;2022-03-02;02:00:00;Quarta;Arma branca;Masculino;30;Alfabetizado;Não Informada
Tamboril;AIS 07;HOMICIDIO DOLOSO;2022-03-02;02:30:00;Quarta;Arma de fogo;Masculino;39;Ensino Médio Completo;Parda
Itarema;AIS 11;HOMICIDIO DOLOSO;2022-03-02;03:29:59;Quarta;Outros meios;Masculino;39;Alfabetizado;Parda
Iguatu;AIS 10;HOMICIDIO DOLOSO;2022-03-02;07:59:59;Quarta;Arma de fogo;Masculino;28;Ensino Fundamental Completo;Não Informada
Caucaia;AIS 12;HOMICIDIO DOLOSO;2022-03-02;20:56:00;Quarta;Arma de fogo;Masculino;16;Ensino Médio Incompleto;Não Informada
Canindé;AIS 04;HOMICIDIO DOLOSO;2022-03-02;21:00:00;Quarta;Arma de fogo;Masculino;33;Alfabetizado;Não Informada
Fortaleza;AIS 21;HOMICIDIO DOLOSO;2022-03-02;23:10:00;Quarta;Arma de fogo;Masculino;17;Ensino Médio Incompleto;Não Informada
Fortaleza;AIS 21;HOMICIDIO DOLOSO;2022-03-03;04:45:59;Quinta;Arma de fogo;Masculino;25;Não Informada;Não Informada
Jijoca de Jericoacoara;AIS 11;HOMICIDIO DOLOSO;2022-03-03;06:00:00;Quinta;Arma de fogo;Masculino;29;Ensino Fundamental Completo;Não Informada
Maracanaú;AIS 14;HOMICIDIO DOLOSO;2022-03-03;06:40:00;Quinta;Arma branca;Masculino;48;Alfabetizado;Não Informada
Caucaia;AIS 12;HOMICIDIO DOLOSO;2022-03-03;16:27:00;Quinta;Arma de fogo;Masculino;71;Ensino Fundamental Incompleto;Parda
Lavras da Mangabeira;AIS 34;HOMICIDIO DOLOSO;2022-03-03;23:30:00;Quinta;Arma branca;Masculino;19;Alfabetizado;Parda
Boa Viagem;AIS 04;HOMICIDIO DOLOSO;2022-03-04;02:30:00;Sexta;Arma branca;Feminino;44;Alfabetizado;Não Informada
Sobral;AIS 03;HOMICIDIO DOLOSO;2022-03-04;04:59:59;Sexta;Arma de fogo;Masculino;17;Alfabetizado;Não Informada
Caucaia;AIS 12;HOMICIDIO DOLOSO;2022-03-04;16:20:00;Sexta;Arma de fogo;Masculino;25;Ensino Fundamental Completo;Não Informada
Caucaia;AIS 26;HOMICIDIO DOLOSO;2022-03-04;16:57:59;Sexta;Arma de fogo;Feminino;22;Ensino Fundamental Completo;Indígena
Fortaleza;AIS 19;HOMICIDIO DOLOSO;2022-03-04;16:59:59;Sexta;Arma de fogo;Masculino;35;Ensino Médio Incompleto;Não Informada
Aracoiaba;AIS 29;HOMICIDIO DOLOSO;2022-03-04;17:30:00;Sexta;Arma branca;Masculino;23;Ensino Fundamental Incompleto;Parda
Tianguá;AIS 27;HOMICIDIO DOLOSO;2022-03-04;18:29:59;Sexta;Arma de fogo;Feminino;29;Ensino Fundamental Completo;Não Informada
Fortaleza;AIS 20;HOMICIDIO DOLOSO;2022-03-04;18:34:00;Sexta;Arma de fogo;Masculino;30;Não Informada;Não Informada
Fortaleza;AIS 20;HOMICIDIO DOLOSO;2022-03-04;18:34:00;Sexta;Arma de fogo;Masculino;33;Alfabetizado;Não Informada
Guaiúba;AIS 24;HOMICIDIO DOLOSO;2022-03-04;19:07:59;Sexta;Arma de fogo;Masculino;56;Alfabetizado;Parda
Aquiraz;AIS 15;HOMICIDIO DOLOSO;2022-03-04;19:07:59;Sexta;Arma de fogo;Masculino;22;Ensino Médio Completo;Parda
Pentecoste;AIS 11;HOMICIDIO DOLOSO;2022-03-04;20:19:59;Sexta;Arma de fogo;Feminino;26;Alfabetizado;Não Informada
Martinópole;AIS 28;HOMICIDIO DOLOSO;2022-03-04;20:30:00;Sexta;Arma branca;Masculino;14;Não Informada;Não Informada
Quixadá;AIS 09;HOMICIDIO DOLOSO;2022-03-04;21:15:00;Sexta;Arma de fogo;Masculino;18;Alfabetizado;Não Informada
Marco;AIS 11;HOMICIDIO DOLOSO;2022-03-04;21:29:59;Sexta;Arma de fogo;Masculino;38;Alfabetizado;Não Informada
Juazeiro do Norte;AIS 02;HOMICIDIO DOLOSO;2022-03-04;23:44:59;Sexta;Arma de fogo;Masculino;34;Ensino Fundamental Incompleto;Não Informada
Assaré;AIS 33;HOMICIDIO DOLOSO;2022-03-05;01:20:00;Sábado;Arma de fogo;Masculino;30;Alfabetizado;Não Informada
Fortaleza;AIS 06;HOMICIDIO DOLOSO;2022-03-05;01:59:59;Sábado;Arma de fogo;Feminino;40;Não Informada;Não Informada
Caucaia;AIS 26;HOMICIDIO DOLOSO;2022-03-05;09:11:00;Sábado;Arma de fogo;Feminino;29;Ensino Fundamental Completo;Parda
Fortaleza;AIS 20;HOMICIDIO DOLOSO;2022-03-05;15:00:00;Sábado;Arma de fogo;Feminino;17;Ensino Médio Incompleto;Não Informada
Fortaleza;AIS 06;HOMICIDIO DOLOSO;2022-03-05;20:50:00;Sábado;Arma de fogo;Masculino;14;Não Informada;Não Informada
Fortaleza;AIS 06;HOMICIDIO DOLOSO;2022-03-05;20:50:00;Sábado;Arma de fogo;Masculino;17;Ensino Fundamental Incompleto;Não Informada
Chorozinho;AIS 25;HOMICIDIO DOLOSO;2022-03-05;21:00:00;Sábado;Arma de fogo;Masculino;31;Alfabetizado;Não Informada
Maracanaú;AIS 14;HOMICIDIO DOLOSO;2022-03-06;01:00:00;Domingo;Arma de fogo;Masculino;22;Ensino Fundamental Incompleto;Não Informada
Canindé;AIS 04;HOMICIDIO DOLOSO;2022-03-06;01:30:00;Domingo;Arma branca;Masculino;41;Ensino Fundamental Completo;Parda
Fortaleza;AIS 17;HOMICIDIO DOLOSO;2022-03-06;01:47:00;Domingo;Arma de fogo;Masculino;21;Não Informada;Parda
Fortaleza;AIS 05;HOMICIDIO DOLOSO;2022-03-06;09:48:00;Domingo;Arma de fogo;Masculino;20;Alfabetizado;Não Informada
Fortaleza;AIS 18;HOMICIDIO DOLOSO;2022-03-06;13:59:59;Domingo;Arma branca;Masculino;34;Não Informada;Não Informada
Caucaia;AIS 12;HOMICIDIO DOLOSO;2022-03-06;16:26:00;Domingo;Arma de fogo;Masculino;25;Ensino Fundamental Completo;Não Informada
Fortaleza;AIS 17;HOMICIDIO DOLOSO;2022-03-06;19:25:00;Domingo;Arma de fogo;Masculino;59;Ensino Fundamental Completo;Não Informada
Horizonte;AIS 25;HOMICIDIO DOLOSO;2022-03-06;22:20:00;Domingo;Arma de fogo;Masculino;27;Ensino Médio Completo;Parda
Fortaleza;AIS 05;HOMICIDIO DOLOSO;2022-03-07;06:52:00;Segunda;Arma de fogo;Masculino;37;Ensino Médio Incompleto;Não Informada
Fortaleza;AIS 17;HOMICIDIO DOLOSO;2022-03-07;07:29:00;Segunda;Arma de fogo;Masculino;64;Alfabetizado;Não Informada
Caucaia;AIS 26;HOMICIDIO DOLOSO;2022-03-07;09:29:59;Segunda;Arma de fogo;Masculino;16;Ensino Fundamental Incompleto;Parda
Pindoretama;AIS 15;ROUBO SEGUIDO DE MORTE (LATROCINIO);2022-03-07;15:30:00;Segunda;Arma de fogo;Masculino;57;Alfabetizado;Não Informada
Icó;AIS 34;ROUBO SEGUIDO DE MORTE (LATROCINIO);2022-03-07;16:59:59;Segunda;Arma branca;Masculino;56;Ensino Médio Completo;Não Informada
Chorozinho;AIS 25;HOMICIDIO DOLOSO;2022-03-08;00:10:00;Terça;Arma de fogo;Masculino;32;Não Informada;Não Informada
Aquiraz;AIS 15;HOMICIDIO DOLOSO;2022-03-08;04:00:00;Terça;Outros meios;Masculino;49;Ensino Médio Completo;Não Informada
Baturité;AIS 29;HOMICIDIO DOLOSO;2022-03-08;12:29:59;Terça;Arma de fogo;Feminino;37;Ensino Médio Completo;Não Informada
Acaraú;AIS 11;HOMICIDIO DOLOSO;2022-03-08;16:39:59;Terça;Arma de fogo;Masculino;16;Alfabetizado;Não Informada
Aquiraz;AIS 15;HOMICIDIO DOLOSO;2022-03-08;18:29:59;Terça;Arma de fogo;Masculino;18;Ensino Fundamental Incompleto;Não Informada
Missão Velha;AIS 02;HOMICIDIO DOLOSO;2022-03-08;19:00:00;Terça;Arma de fogo;Masculino;49;Ensino Médio Completo;Branca
Fortaleza;AIS 16;HOMICIDIO DOLOSO;2022-03-08;21:29:59;Terça;Arma de fogo;Masculino;20;Ensino Médio Incompleto;Não Informada
Aquiraz;AIS 15;HOMICIDIO DOLOSO;2022-03-08;23:23:00;Terça;Arma de fogo;Masculino;18;Alfabetizado;Parda
Pacatuba;AIS 24;HOMICIDIO DOLOSO;2022-03-09;06:29:59;Quarta;Arma de fogo;Masculino;34;Não Alfabetizado;Não Informada
Juazeiro do Norte;AIS 02;HOMICIDIO DOLOSO;2022-03-09;08:40:00;Quarta;Arma de fogo;Masculino;25;Alfabetizado;Não Informada
Juazeiro do Norte;AIS 02;HOMICIDIO DOLOSO;2022-03-09;16:59:59;Quarta;Arma de fogo;Masculino;34;Ensino Fundamental Incompleto;Parda
Caucaia;AIS 26;HOMICIDIO DOLOSO;2022-03-09;19:40:00;Quarta;Arma branca;Masculino;20;Ensino Fundamental Incompleto;Branca
Fortaleza;AIS 16;HOMICIDIO DOLOSO;2022-03-09;22:59:59;Quarta;Arma branca;Feminino;42;Ensino Fundamental Completo;Não Informada
Ocara;AIS 29;HOMICIDIO DOLOSO;2022-03-11;01:30:00;Sexta;Arma de fogo;Masculino;30;Ensino Fundamental Completo;Parda
Maracanaú;AIS 14;HOMICIDIO DOLOSO;2022-03-11;04:00:00;Sexta;Arma de fogo;Feminino;45;Não Alfabetizado;Não Informada
Sobral;AIS 03;HOMICIDIO DOLOSO;2022-03-11;12:00:00;Sexta;Arma de fogo;Masculino;18;Não Informada;Não Informada
Trairi;AIS 23;HOMICIDIO DOLOSO;2022-03-11;15:00:00;Sexta;Arma de fogo;Masculino;22;Ensino Fundamental Incompleto;Parda
Redenção;AIS 29;HOMICIDIO DOLOSO;2022-03-12;01:59:59;Sábado;Outros meios;Masculino;25;Não Informada;Não Informada
Pacatuba;AIS 24;HOMICIDIO DOLOSO;2022-03-12;07:39:59;Sábado;Arma branca;Masculino;27;Alfabetizado;Parda
Russas;AIS 01;HOMICIDIO DOLOSO;2022-03-12;14:30:00;Sábado;Arma de fogo;Masculino;20;Ensino Fundamental Incompleto;Parda
Trairi;AIS 23;HOMICIDIO DOLOSO;2022-03-12;16:00:00;Sábado;Arma de fogo;Masculino;39;Alfabetizado;Não Informada
Fortaleza;AIS 06;HOMICIDIO DOLOSO;2022-03-12;17:35:59;Sábado;Arma de fogo;Masculino;38;Não Informada;Não Informada
Icapuí;AIS 30;HOMICIDIO DOLOSO;2022-03-12;20:30:00;Sábado;Arma de fogo;Feminino;28;Não Informada;Não Informada
Juazeiro do Norte;AIS 02;HOMICIDIO DOLOSO;2022-03-12;21:29:59;Sábado;Arma de fogo;Masculino;24;Alfabetizado;Não Informada
São Gonçalo do Amarante;AIS 23;HOMICIDIO DOLOSO;2022-03-13;01:00:00;Domingo;Arma branca;Masculino;41;Não Alfabetizado;Parda
Caucaia;AIS 26;HOMICIDIO DOLOSO;2022-03-13;04:48:00;Domingo;Arma branca;Masculino;34;Alfabetizado;Não Informada
Aquiraz;AIS 15;HOMICIDIO DOLOSO;2022-03-13;14:19:59;Domingo;Arma de fogo;Masculino;47;Ensino Médio Completo;Não Informada
Fortaleza;AIS 20;HOMICIDIO DOLOSO;2022-03-13;16:00:00;Domingo;Arma de fogo;Masculino;25;Alfabetizado;Não Informada
Aquiraz;AIS 15;HOMICIDIO DOLOSO;2022-03-13;17:30:00;Domingo;Arma de fogo;Masculino;36;Não Informada;Parda
São Benedito;AIS 27;HOMICIDIO DOLOSO;2022-03-13;22:30:00;Domingo;Arma de fogo;Masculino;20;Alfabetizado;Parda
Fortaleza;AIS 16;HOMICIDIO DOLOSO;2022-03-13;23:19:59;Domingo;Arma de fogo;Masculino;27;Não Informada;Parda
Caucaia;AIS 26;HOMICIDIO DOLOSO;2022-03-14;00:36:59;Segunda;Arma de fogo;Masculino;25;Ensino Fundamental Completo;Parda
Horizonte;AIS 25;HOMICIDIO DOLOSO;2022-03-14;10:30:00;Segunda;Arma de fogo;Masculino;30;Ensino Médio Completo;Não Informada
São Gonçalo do Amarante;AIS 23;HOMICIDIO DOLOSO;2022-03-14;12:34:00;Segunda;Arma de fogo;Masculino;40;Ensino Médio Completo;Não Informada
Maracanaú;AIS 14;HOMICIDIO DOLOSO;2022-03-14;13:00:00;Segunda;Arma de fogo;Masculino;48;Ensino Fundamental Incompleto;Não Informada
Maracanaú;AIS 14;HOMICIDIO DOLOSO;2022-03-14;13:45:00;Segunda;Outros meios;Masculino;42;Alfabetizado;Parda
Sobral;AIS 03;HOMICIDIO DOLOSO;2022-03-14;22:30:00;Segunda;Arma de fogo;Masculino;29;Alfabetizado;Parda
Forquilha;AIS 03;HOMICIDIO DOLOSO;2022-03-15;03:00:00;Terça;Arma de fogo;Masculino;39;Ensino Fundamental Completo;Não Informada
Juazeiro do Norte;AIS 02;HOMICIDIO DOLOSO;2022-03-15;06:08:00;Terça;Arma de fogo;Masculino;32;Ensino Fundamental Completo;Não Informada
Itatira;AIS 04;HOMICIDIO DOLOSO;2022-03-15;09:29:59;Terça;Arma de fogo;Masculino;21;Alfabetizado;Parda
Fortaleza;AIS 18;HOMICIDIO DOLOSO;2022-03-15;11:39:00;Terça;Arma de fogo;Masculino;40;Ensino Fundamental Incompleto;Não Informada
São Gonçalo do Amarante;AIS 23;HOMICIDIO DOLOSO;2022-03-15;15:29:59;Terça;Arma de fogo;Masculino;28;Ensino Médio Completo;Não Informada
Fortaleza;AIS 19;HOMICIDIO DOLOSO;2022-03-15;19:23:59;Terça;Arma de fogo;Masculino;41;Ensino Fundamental Incompleto;Não Informada
Fortaleza;AIS 21;ROUBO SEGUIDO DE MORTE (LATROCINIO);2022-03-15;19:30:00;Terça;Arma de fogo;Masculino;26;Ensino Fundamental Incompleto;Não Informada
Itaitinga;AIS 25;HOMICIDIO DOLOSO;2022-03-15;23:30:00;Terça;Arma de fogo;Masculino;28;Ensino Fundamental Completo;Não Informada
Horizonte;AIS 25;HOMICIDIO DOLOSO;2022-03-16;02:19:59;Quarta;Arma de fogo;Masculino;36;Ensino Fundamental Completo;Parda
Aquiraz;AIS 15;HOMICIDIO DOLOSO;2022-03-16;04:37:00;Quarta;Arma de fogo;Masculino;19;Alfabetizado;Não Informada
Aquiraz;AIS 15;HOMICIDIO DOLOSO;2022-03-16;04:37:00;Quarta;Arma de fogo;Masculino;16;Alfabetizado;Não Informada
Itapipoca;AIS 11;HOMICIDIO DOLOSO;2022-03-16;09:06:00;Quarta;Arma de fogo;Masculino;37;Alfabetizado;Não Informada
Juazeiro do Norte;AIS 02;HOMICIDIO DOLOSO;2022-03-16;14:30:00;Quarta;Arma de fogo;Masculino;21;Alfabetizado;Não Informada
Fortaleza;AIS 16;HOMICIDIO DOLOSO;2022-03-16;16:37:00;Quarta;Arma de fogo;Masculino;27;Alfabetizado;Não Informada
Caucaia;AIS 26;HOMICIDIO DOLOSO;2022-03-16;19:30:00;Quarta;Arma de fogo;Masculino;17;Ensino Fundamental Incompleto;Não Informada
Fortaleza;AIS 16;HOMICIDIO DOLOSO;2022-03-16;20:15:00;Quarta;Arma de fogo;Masculino;34;Não Informada;Parda
Ibicuitinga;AIS 09;HOMICIDIO DOLOSO;2022-03-16;21:19:59;Quarta;Arma de fogo;Masculino;20;Ensino Fundamental Incompleto;Não Informada
Fortaleza;AIS 16;HOMICIDIO DOLOSO;2022-03-17;06:35:59;Quinta;Arma de fogo;Masculino;23;Ensino Fundamental Incompleto;Não Informada
Fortaleza;AIS 16;HOMICIDIO DOLOSO;2022-03-17;17:11:00;Quinta;Arma de fogo;Masculino;16;Alfabetizado;Não Informada
Caucaia;AIS 26;HOMICIDIO DOLOSO;2022-03-17;19:00:00;Quinta;Arma de fogo;Masculino;33;Ensino Médio Completo;Não Informada
Quixadá;AIS 09;HOMICIDIO DOLOSO;2022-03-17;22:50:00;Quinta;Arma de fogo;Masculino;29;Alfabetizado;Branca
Limoeiro do Norte;AIS 01;HOMICIDIO DOLOSO;2022-03-18;01:30:00;Sexta;Outros meios;Masculino;29;Não Alfabetizado;Parda
Fortaleza;AIS 22;HOMICIDIO DOLOSO;2022-03-18;02:30:00;Sexta;Arma de fogo;Masculino;26;Não Informada;Não Informada
Forquilha;AIS 03;HOMICIDIO DOLOSO;2022-03-18;09:30:00;Sexta;Outros meios;Masculino;28;Ensino Fundamental Completo;Não Informada
Caucaia;AIS 26;HOMICIDIO DOLOSO;2022-03-18;12:27:59;Sexta;Arma de fogo;Masculino;15;Ensino Fundamental Incompleto;Não Informada
Monsenhor Tabosa;AIS 07;HOMICIDIO DOLOSO;2022-03-18;12:29:59;Sexta;Arma de fogo;Feminino;42;Não Alfabetizado;Não Informada
Cascavel;AIS 15;HOMICIDIO DOLOSO;2022-03-18;13:59:59;Sexta;Arma de fogo;Masculino;25;Ensino Fundamental Completo;Não Informada
Cascavel;AIS 15;HOMICIDIO DOLOSO;2022-03-18;15:49:59;Sexta;Arma branca;Masculino;24;Ensino Fundamental Incompleto;Não Informada
Maranguape;AIS 24;HOMICIDIO DOLOSO;2022-03-18;18:20:00;Sexta;Arma de fogo;Masculino;18;Ensino Médio Completo;Parda
Fortaleza;AIS 18;HOMICIDIO DOLOSO;2022-03-18;19:09:59;Sexta;Arma de fogo;Masculino;66;Não Informada;Não Informada
Horizonte;AIS 25;HOMICIDIO DOLOSO;2022-03-18;19:59:59;Sexta;Arma de fogo;Masculino;29;Alfabetizado;Não Informada
Cascavel;AIS 15;HOMICIDIO DOLOSO;2022-03-18;22:00:00;Sexta;Arma de fogo;Masculino;39;Ensino Médio Incompleto;Não Informada
Fortaleza;AIS 06;HOMICIDIO DOLOSO;2022-03-18;23:30:00;Sexta;Arma de fogo;Masculino;17;Não Alfabetizado;Não Informada
Itaiçaba;AIS 30;HOMICIDIO DOLOSO;2022-03-19;00:00:00;Sábado;Arma de fogo;Masculino;37;Não Alfabetizado;Não Informada
Fortaleza;AIS 18;LESAO CORPORAL SEGUIDA DE MORTE;2022-03-19;01:00:00;Sábado;Outros meios;Masculino;50;Não Alfabetizado;Não Informada
Forquilha;AIS 03;HOMICIDIO DOLOSO;2022-03-19;07:30:00;Sábado;Arma de fogo;Masculino;15;Não Informada;Não Informada
Caucaia;AIS 26;HOMICIDIO DOLOSO;2022-03-19;14:39:59;Sábado;Arma de fogo;Feminino;21;Ensino Médio Incompleto;Parda
Juazeiro do Norte;AIS 02;HOMICIDIO DOLOSO;2022-03-19;15:27:59;Sábado;Outros meios;Masculino;21;Não Informada;Não Informada
Capistrano;AIS 29;HOMICIDIO DOLOSO;2022-03-19;16:30:00;Sábado;Arma de fogo;Masculino;24;Ensino Médio Completo;Não Informada
Fortaleza;AIS 17;HOMICIDIO DOLOSO;2022-03-19;16:54:00;Sábado;Arma de fogo;Masculino;34;Ensino Médio Completo;Não Informada
Caucaia;AIS 26;HOMICIDIO DOLOSO;2022-03-19;19:00:00;Sábado;Arma de fogo;Masculino;32;Ensino Médio Completo;Não Informada
Tianguá;AIS 27;HOMICIDIO DOLOSO;2022-03-19;19:50:00;Sábado;Arma de fogo;Feminino;42;Ensino Fundamental Incompleto;Parda
Horizonte;AIS 25;HOMICIDIO DOLOSO;2022-03-19;20:15:00;Sábado;Arma de fogo;Masculino;25;Ensino Fundamental Incompleto;Não Informada
Fortaleza;AIS 19;HOMICIDIO DOLOSO;2022-03-19;22:54:00;Sábado;Arma de fogo;Masculino;35;Alfabetizado;Não Informada
Umari;AIS 34;HOMICIDIO DOLOSO;2022-03-20;00:00:00;Domingo;Arma de fogo;Masculino;23;Ensino Fundamental Completo;Parda
Fortaleza;AIS 19;HOMICIDIO DOLOSO;2022-03-20;00:14:00;Domingo;Arma de fogo;Masculino;Não Informada;Não Informada;Não Informada
Cascavel;AIS 15;HOMICIDIO DOLOSO;2022-03-20;12:29:59;Domingo;Arma de fogo;Feminino;24;Ensino Fundamental Completo;Preta
Fortaleza;AIS 20;HOMICIDIO DOLOSO;2022-03-20;13:20:00;Domingo;Outros meios;Masculino;58;Ensino Fundamental Completo;Não Informada
Fortaleza;AIS 05;HOMICIDIO DOLOSO;2022-03-20;13:34:59;Domingo;Arma de fogo;Masculino;34;Alfabetizado;Não Informada
Juazeiro do Norte;AIS 02;HOMICIDIO DOLOSO;2022-03-20;14:10:00;Domingo;Arma de fogo;Masculino;24;Alfabetizado;Não Informada
Aquiraz;AIS 15;HOMICIDIO DOLOSO;2022-03-20;14:30:00;Domingo;Arma de fogo;Masculino;35;Alfabetizado;Parda
Fortaleza;AIS 06;HOMICIDIO DOLOSO;2022-03-20;15:25:00;Domingo;Arma de fogo;Masculino;49;Alfabetizado;Não Informada
São Luís do Curu;AIS 23;HOMICIDIO DOLOSO;2022-03-20;16:00:00;Domingo;Arma de fogo;Masculino;26;Ensino Fundamental Incompleto;Não Informada
Iguatu;AIS 10;HOMICIDIO DOLOSO;2022-03-20;22:30:00;Domingo;Arma branca;Masculino;21;Ensino Médio Incompleto;Parda
Eusébio;AIS 15;HOMICIDIO DOLOSO;2022-03-20;22:46:00;Domingo;Arma de fogo;Masculino;39;Ensino Fundamental Completo;Parda
Fortaleza;AIS 06;HOMICIDIO DOLOSO;2022-03-20;23:11:00;Domingo;Arma de fogo;Masculino;24;Ensino Fundamental Incompleto;Parda
Fortaleza;AIS 16;HOMICIDIO DOLOSO;2022-03-21;06:35:00;Segunda;Arma de fogo;Masculino;27;Ensino Fundamental Completo;Não Informada
Fortaleza;AIS 17;HOMICIDIO DOLOSO;2022-03-21;15:17:00;Segunda;Arma de fogo;Masculino;36;Ensino Fundamental Incompleto;Não Informada
Fortaleza;AIS 06;HOMICIDIO DOLOSO;2022-03-21;16:00:00;Segunda;Outros meios;Masculino;21;Ensino Fundamental Completo;Parda
Martinópole;AIS 28;HOMICIDIO DOLOSO;2022-03-21;22:00:00;Segunda;Arma de fogo;Masculino;38;Alfabetizado;Não Informada
Aratuba;AIS 29;HOMICIDIO DOLOSO;2022-03-21;22:59:59;Segunda;Arma de fogo;Masculino;26;Ensino Fundamental Completo;Não Informada
Fortaleza;AIS 20;HOMICIDIO DOLOSO;2022-03-22;01:59:59;Terça;Outros meios;Masculino;56;Ensino Fundamental Completo;Não Informada
São Luís do Curu;AIS 23;HOMICIDIO DOLOSO;2022-03-22;11:19:59;Terça;Arma de fogo;Masculino;13;Não Informada;Não Informada
Guaiúba;AIS 24;HOMICIDIO DOLOSO;2022-03-22;18:38:00;Terça;Arma de fogo;Masculino;25;Alfabetizado;Não Informada
Tianguá;AIS 27;HOMICIDIO DOLOSO;2022-03-22;22:59:59;Terça;Arma de fogo;Feminino;35;Alfabetizado;Parda
Crateús;AIS 07;HOMICIDIO DOLOSO;2022-03-23;07:30:00;Quarta;Arma de fogo;Masculino;19;Ensino Médio Completo;Não Informada
Fortaleza;AIS 17;HOMICIDIO DOLOSO;2022-03-23;09:29:59;Quarta;Arma de fogo;Masculino;34;Ensino Fundamental Incompleto;Não Informada
Frecheirinha;AIS 03;HOMICIDIO DOLOSO;2022-03-23;11:30:00;Quarta;Arma de fogo;Masculino;36;Alfabetizado;Parda
Fortaleza;AIS 16;HOMICIDIO DOLOSO;2022-03-23;12:47:59;Quarta;Arma de fogo;Masculino;19;Ensino Fundamental Incompleto;Parda
Morada Nova;AIS 09;HOMICIDIO DOLOSO;2022-03-23;16:00:00;Quarta;Outros meios;Masculino;Não Informada;Não Informada;Não Informada
Fortaleza;AIS 16;HOMICIDIO DOLOSO;2022-03-23;16:54:59;Quarta;Arma de fogo;Masculino;15;Alfabetizado;Não Informada
Morada Nova;AIS 09;HOMICIDIO DOLOSO;2022-03-23;17:30:00;Quarta;Arma de fogo;Masculino;69;Ensino Fundamental Incompleto;Não Informada
Crateús;AIS 07;HOMICIDIO DOLOSO;2022-03-23;19:00:00;Quarta;Arma de fogo;Masculino;25;Ensino Médio Completo;Não Informada
Fortaleza;AIS 20;HOMICIDIO DOLOSO;2022-03-23;21:30:00;Quarta;Arma de fogo;Masculino;28;Ensino Médio Incompleto;Não Informada
Amontada;AIS 11;HOMICIDIO DOLOSO;2022-03-23;22:14:59;Quarta;Arma de fogo;Masculino;39;Não Alfabetizado;Não Informada
Pindoretama;AIS 15;HOMICIDIO DOLOSO;2022-03-24;03:29:59;Quinta;Arma de fogo;Masculino;79;Não Alfabetizado;Parda
Pindoretama;AIS 15;HOMICIDIO DOLOSO;2022-03-24;03:29:59;Quinta;Arma de fogo;Masculino;34;Ensino Médio Completo;Não Informada
Fortaleza;AIS 17;HOMICIDIO DOLOSO;2022-03-24;03:54:00;Quinta;Outros meios;Masculino;29;Não Alfabetizado;Parda
Guaraciaba do Norte;AIS 27;HOMICIDIO DOLOSO;2022-03-24;15:30:00;Quinta;Arma de fogo;Feminino;38;Alfabetizado;Não Informada
Fortaleza;AIS 17;HOMICIDIO DOLOSO;2022-03-24;16:59:59;Quinta;Arma de fogo;Masculino;20;Ensino Médio Completo;Não Informada
Fortaleza;AIS 18;HOMICIDIO DOLOSO;2022-03-24;20:30:00;Quinta;Arma de fogo;Masculino;19;Ensino Fundamental Completo;Não Informada
Fortaleza;AIS 18;HOMICIDIO DOLOSO;2022-03-25;07:00:00;Sexta;Arma branca;Masculino;50;Não Informada;Não Informada
Fortaleza;AIS 18;HOMICIDIO DOLOSO;2022-03-25;15:11:00;Sexta;Arma de fogo;Masculino;Não Informada;Não Informada;Não Informada
Maranguape;AIS 24;HOMICIDIO DOLOSO;2022-03-25;16:59:59;Sexta;Arma de fogo;Masculino;14;Ensino Fundamental Incompleto;Parda
Maranguape;AIS 24;HOMICIDIO DOLOSO;2022-03-25;16:59:59;Sexta;Arma de fogo;Masculino;34;Ensino Fundamental Completo;Não Informada
Jijoca de Jericoacoara;AIS 11;HOMICIDIO DOLOSO;2022-03-25;19:00:00;Sexta;Arma de fogo;Masculino;50;Alfabetizado;Parda
Fortaleza;AIS 08;HOMICIDIO DOLOSO;2022-03-25;19:59:00;Sexta;Arma de fogo;Masculino;Não Informada;Não Informada;Não Informada
Fortaleza;AIS 06;HOMICIDIO DOLOSO;2022-03-25;20:05:00;Sexta;Arma de fogo;Masculino;55;Alfabetizado;Parda
Maracanaú;AIS 14;HOMICIDIO DOLOSO;2022-03-25;22:03:59;Sexta;Arma de fogo;Masculino;Não Informada;Não Informada;Não Informada
Camocim;AIS 28;HOMICIDIO DOLOSO;2022-03-26;18:20:00;Sábado;Arma de fogo;Masculino;44;Alfabetizado;Não Informada
Canindé;AIS 04;HOMICIDIO DOLOSO;2022-03-26;20:10:00;Sábado;Arma de fogo;Masculino;37;Ensino Fundamental Completo;Não Informada
Tabuleiro do Norte;AIS 01;HOMICIDIO DOLOSO;2022-03-26;21:00:00;Sábado;Arma de fogo;Masculino;19;Alfabetizado;Não Informada
Beberibe;AIS 30;HOMICIDIO DOLOSO;2022-03-27;00:10:00;Domingo;Arma de fogo;Masculino;29;Ensino Fundamental Completo;Não Informada
Pacatuba;AIS 24;HOMICIDIO DOLOSO;2022-03-27;00:52:00;Domingo;Arma de fogo;Masculino;21;Não Informada;Não Informada
Amontada;AIS 11;HOMICIDIO DOLOSO;2022-03-27;01:30:00;Domingo;Arma de fogo;Masculino;28;Ensino Fundamental Completo;Parda
Porteiras;AIS 32;HOMICIDIO DOLOSO;2022-03-27;01:59:59;Domingo;Arma de fogo;Masculino;26;Ensino Médio Completo;Parda
Juazeiro do Norte;AIS 02;HOMICIDIO DOLOSO;2022-03-27;04:00:00;Domingo;Arma de fogo;Masculino;24;Alfabetizado;Não Informada
Fortaleza;AIS 17;HOMICIDIO DOLOSO;2022-03-27;04:30:00;Domingo;Arma de fogo;Masculino;52;Alfabetizado;Não Informada
Quixadá;AIS 09;HOMICIDIO DOLOSO;2022-03-27;09:00:00;Domingo;Arma de fogo;Masculino;19;Alfabetizado;Não Informada
Fortaleza;AIS 17;HOMICIDIO DOLOSO;2022-03-27;18:40:00;Domingo;Arma de fogo;Masculino;30;Ensino Fundamental Completo;Não Informada
Aquiraz;AIS 15;HOMICIDIO DOLOSO;2022-03-27;19:00:00;Domingo;Arma de fogo;Masculino;31;Ensino Fundamental Incompleto;Não Informada
Limoeiro do Norte;AIS 01;HOMICIDIO DOLOSO;2022-03-27;19:14:59;Domingo;Arma de fogo;Masculino;31;Ensino Fundamental Incompleto;Não Informada
Limoeiro do Norte;AIS 01;HOMICIDIO DOLOSO;2022-03-27;19:14:59;Domingo;Arma de fogo;Masculino;34;Ensino Fundamental Incompleto;Não Informada
Limoeiro do Norte;AIS 01;HOMICIDIO DOLOSO;2022-03-27;19:14:59;Domingo;Arma de fogo;Masculino;27;Ensino Fundamental Incompleto;Não Informada
Fortaleza;AIS 18;HOMICIDIO DOLOSO;2022-03-28;12:00:00;Segunda;Arma de fogo;Masculino;22;Alfabetizado;Não Informada
Fortaleza;AIS 17;HOMICIDIO DOLOSO;2022-03-28;14:37:59;Segunda;Arma de fogo;Masculino;Não Informada;Não Informada;Não Informada
Fortaleza;AIS 16;HOMICIDIO DOLOSO;2022-03-28;22:59:59;Segunda;Arma de fogo;Masculino;14;Ensino Fundamental Incompleto;Não Informada
Fortaleza;AIS 16;HOMICIDIO DOLOSO;2022-03-29;01:59:59;Terça;Arma de fogo;Masculino;16;Alfabetizado;Não Informada
Amontada;AIS 11;HOMICIDIO DOLOSO;2022-03-29;07:00:00;Terça;Arma de fogo;Masculino;46;Alfabetizado;Não Informada
Quixadá;AIS 09;HOMICIDIO DOLOSO;2022-03-29;07:59:59;Terça;Arma de fogo;Masculino;24;Alfabetizado;Não Informada
Varjota;AIS 07;HOMICIDIO DOLOSO;2022-03-29;16:46:00;Terça;Arma de fogo;Masculino;20;Superior Completo;Não Informada
Fortaleza;AIS 16;HOMICIDIO DOLOSO;2022-03-29;17:57:00;Terça;Arma de fogo;Masculino;30;Ensino Médio Incompleto;Não Informada
Fortaleza;AIS 17;HOMICIDIO DOLOSO;2022-03-29;18:49:59;Terça;Arma de fogo;Masculino;24;Alfabetizado;Não Informada
Fortaleza;AIS 16;HOMICIDIO DOLOSO;2022-03-29;21:40:00;Terça;Arma de fogo;Masculino;24;Alfabetizado;Não Informada
Itapajé;AIS 11;HOMICIDIO DOLOSO;2022-03-29;21:49:59;Terça;Outros meios;Masculino;18;Alfabetizado;Parda
Fortaleza;AIS 18;HOMICIDIO DOLOSO;2022-03-29;23:13:00;Terça;Arma de fogo;Masculino;29;Não Informada;Não Informada
Aquiraz;AIS 15;HOMICIDIO DOLOSO;2022-03-30;03:30:00;Quarta;Arma de fogo;Masculino;21;Ensino Fundamental Completo;Não Informada
Milhã;AIS 09;HOMICIDIO DOLOSO;2022-03-30;06:00:00;Quarta;Arma de fogo;Masculino;26;Alfabetizado;Não Informada
Fortaleza;AIS 16;HOMICIDIO DOLOSO;2022-03-30;11:57:00;Quarta;Arma de fogo;Masculino;17;Alfabetizado;Não Informada
Horizonte;AIS 25;HOMICIDIO DOLOSO;2022-03-30;15:29:59;Quarta;Arma de fogo;Masculino;17;Ensino Médio Incompleto;Não Informada
Fortaleza;AIS 19;HOMICIDIO DOLOSO;2022-03-30;17:42:59;Quarta;Arma de fogo;Masculino;23;Alfabetizado;Não Informada
Limoeiro do Norte;AIS 01;HOMICIDIO DOLOSO;2022-03-30;19:00:00;Quarta;Arma de fogo;Masculino;33;Ensino Médio Incompleto;Não Informada
Fortaleza;AIS 21;HOMICIDIO DOLOSO;2022-03-30;19:00:00;Quarta;Arma de fogo;Masculino;24;Ensino Fundamental Incompleto;Não Informada
Fortaleza;AIS 18;HOMICIDIO DOLOSO;2022-03-30;19:26:00;Quarta;Arma de fogo;Masculino;25;Ensino Fundamental Completo;Não Informada
Pacatuba;AIS 24;HOMICIDIO DOLOSO;2022-03-30;20:32:00;Quarta;Arma de fogo;Masculino;31;Alfabetizado;Parda
Trairi;AIS 23;HOMICIDIO DOLOSO;2022-03-30;22:59:59;Quarta;Arma de fogo;Masculino;24;Não Informada;Não Informada
Aquiraz;AIS 15;HOMICIDIO DOLOSO;2022-03-31;07:29:00;Quinta;Arma de fogo;Masculino;28;Ensino Fundamental Completo;Não Informada
Fortaleza;AIS 19;HOMICIDIO DOLOSO;2022-03-31;11:08:00;Quinta;Arma de fogo;Masculino;36;Alfabetizado;Não Informada
Fortaleza;AIS 16;HOMICIDIO DOLOSO;2022-03-31;12:54:00;Quinta;Arma de fogo;Masculino;25;Alfabetizado;Parda
Fortaleza;AIS 19;HOMICIDIO DOLOSO;2022-03-31;15:38:00;Quinta;Arma de fogo;Feminino;41;Ensino Fundamental Incompleto;Não Informada
Fortaleza;AIS 19;HOMICIDIO DOLOSO;2022-03-31;15:38:00;Quinta;Arma de fogo;Masculino;25;Ensino Fundamental Incompleto;Não Informada
Fortaleza;AIS 22;HOMICIDIO DOLOSO;2022-03-31;18:00:00;Quinta;Arma de fogo;Masculino;Não Informada;Não Informada;Não Informada
Caucaia;AIS 26;HOMICIDIO DOLOSO;2022-03-31;20:50:00;Quinta;Arma de fogo;Masculino;Não Informada;Não Informada;Não Informada
Quixadá;AIS 09;HOMICIDIO DOLOSO;2022-03-31;21:00:00;Quinta;Arma de fogo;Masculino;26;Ensino Médio Incompleto;Não Informada
Fortaleza;AIS 21;FEMINICÍDIO;2022-04-01;01:07:59;Sexta;Arma branca;Feminino;30;Não Informada;Não Informada
Itaitinga;AIS 25;HOMICIDIO DOLOSO;2022-04-01;09:26:59;Sexta;Outros meios;Masculino;34;Não Informada;Parda
Fortaleza;AIS 21;HOMICIDIO DOLOSO;2022-04-01;14:55:00;Sexta;Arma branca;Masculino;58;Alfabetizado;Não Informada
Quixadá;AIS 09;HOMICIDIO DOLOSO;2022-04-01;18:54:59;Sexta;Arma de fogo;Masculino;30;Alfabetizado;Não Informada
Fortaleza;AIS 17;HOMICIDIO DOLOSO;2022-04-01;19:59:59;Sexta;Arma de fogo;Masculino;30;Ensino Fundamental Completo;Parda
Fortaleza;AIS 16;HOMICIDIO DOLOSO;2022-04-01;21:00:00;Sexta;Arma de fogo;Masculino;18;Alfabetizado;Não Informada
Fortaleza;AIS 16;HOMICIDIO DOLOSO;2022-04-01;21:00:00;Sexta;Arma de fogo;Masculino;21;Não Informada;Não Informada
Fortaleza;AIS 16;HOMICIDIO DOLOSO;2022-04-01;21:00:00;Sexta;Arma de fogo;Masculino;26;Ensino Fundamental Incompleto;Não Informada
Pentecoste;AIS 11;HOMICIDIO DOLOSO;2022-04-02;07:45:00;Sábado;Arma branca;Masculino;Não Informada;Alfabetizado;Não Informada
Aracoiaba;AIS 29;HOMICIDIO DOLOSO;2022-04-02;09:00:00;Sábado;Arma de fogo;Masculino;30;Ensino Fundamental Incompleto;Parda
Fortaleza;AIS 19;HOMICIDIO DOLOSO;2022-04-02;13:23:00;Sábado;Outros meios;Masculino;44;Ensino Fundamental Incompleto;Não Informada
Russas;AIS 01;HOMICIDIO DOLOSO;2022-04-02;13:59:59;Sábado;Arma de fogo;Masculino;30;Alfabetizado;Não Informada
Fortaleza;AIS 18;HOMICIDIO DOLOSO;2022-04-02;16:59:59;Sábado;Arma de fogo;Masculino;37;Ensino Fundamental Completo;Não Informada
Sobral;AIS 03;HOMICIDIO DOLOSO;2022-04-02;21:07:00;Sábado;Arma de fogo;Masculino;44;Não Alfabetizado;Parda
Assaré;AIS 33;HOMICIDIO DOLOSO;2022-04-02;21:20:00;Sábado;Arma de fogo;Feminino;28;Ensino Fundamental Incompleto;Não Informada
Assaré;AIS 33;HOMICIDIO DOLOSO;2022-04-02;21:20:00;Sábado;Arma de fogo;Masculino;39;Alfabetizado;Não Informada
Granja;AIS 28;HOMICIDIO DOLOSO;2022-04-02;21:40:00;Sábado;Arma de fogo;Masculino;31;Não Alfabetizado;Não Informada
Pacajus;AIS 25;HOMICIDIO DOLOSO;2022-04-02;23:50:00;Sábado;Arma de fogo;Masculino;31;Alfabetizado;Parda
Fortaleza;AIS 19;HOMICIDIO DOLOSO;2022-04-03;01:59:59;Domingo;Arma de fogo;Masculino;Não Informada;Não Informada;Não Informada
Jaguaribe;AIS 31;HOMICIDIO DOLOSO;2022-04-03;07:00:00;Domingo;Arma de fogo;Masculino;Não Informada;Alfabetizado;Parda
Fortaleza;AIS 18;HOMICIDIO DOLOSO;2022-04-03;18:30:00;Domingo;Arma de fogo;Feminino;20;Ensino Fundamental Completo;Não Informada
Fortaleza;AIS 20;HOMICIDIO DOLOSO;2022-04-03;19:00:00;Domingo;Arma de fogo;Masculino;17;Ensino Fundamental Incompleto;Não Informada
Jaguaretama;AIS 09;HOMICIDIO DOLOSO;2022-04-03;19:14:59;Domingo;Arma de fogo;Masculino;23;Alfabetizado;Não Informada
Juazeiro do Norte;AIS 02;HOMICIDIO DOLOSO;2022-04-03;21:54:59;Domingo;Arma de fogo;Masculino;25;Alfabetizado;Não Informada
Pacatuba;AIS 24;HOMICIDIO DOLOSO;2022-04-04;07:57:59;Segunda;Outros meios;Masculino;33;Alfabetizado;Não Informada
Fortaleza;AIS 20;HOMICIDIO DOLOSO;2022-04-04;13:25:00;Segunda;Arma de fogo;Masculino;23;Ensino Fundamental Incompleto;Não Informada
Quiterianópolis;AIS 13;FEMINICÍDIO;2022-04-04;15:29:59;Segunda;Arma branca;Feminino;22;Ensino Médio Incompleto;Parda
Aquiraz;AIS 15;HOMICIDIO DOLOSO;2022-04-04;17:56:00;Segunda;Arma de fogo;Masculino;17;Ensino Fundamental Incompleto;Não Informada
Fortaleza;AIS 16;HOMICIDIO DOLOSO;2022-04-04;19:45:00;Segunda;Arma de fogo;Masculino;22;Alfabetizado;Não Informada
Fortaleza;AIS 06;HOMICIDIO DOLOSO;2022-04-05;00:27:59;Terça;Arma de fogo;Masculino;20;Ensino Fundamental Incompleto;Não Informada
Baturité;AIS 29;HOMICIDIO DOLOSO;2022-04-05;03:49:59;Terça;Arma de fogo;Feminino;17;Ensino Médio Completo;Não Informada
Fortaleza;AIS 17;HOMICIDIO DOLOSO;2022-04-05;05:46:00;Terça;Arma de fogo;Masculino;45;Ensino Fundamental Incompleto;Não Informada
Pentecoste;AIS 11;HOMICIDIO DOLOSO;2022-04-05;16:00:00;Terça;Arma de fogo;Masculino;36;Alfabetizado;Não Informada
Morada Nova;AIS 09;HOMICIDIO DOLOSO;2022-04-05;16:00:00;Terça;Arma branca;Masculino;36;Alfabetizado;Não Informada
Ibicuitinga;AIS 09;HOMICIDIO DOLOSO;2022-04-05;17:30:00;Terça;Arma de fogo;Masculino;49;Não Alfabetizado;Não Informada
São Benedito;AIS 27;HOMICIDIO DOLOSO;2022-04-05;19:00:00;Terça;Arma de fogo;Masculino;16;Não Informada;Parda
Itarema;AIS 11;HOMICIDIO DOLOSO;2022-04-05;19:10:00;Terça;Arma de fogo;Masculino;25;Alfabetizado;Parda
Fortaleza;AIS 19;HOMICIDIO DOLOSO;2022-04-06;01:59:59;Quarta;Arma de fogo;Masculino;23;Ensino Fundamental Completo;Não Informada
Quixeré;AIS 01;HOMICIDIO DOLOSO;2022-04-06;06:29:59;Quarta;Arma de fogo;Masculino;21;Superior Incompleto;Não Informada
Caucaia;AIS 12;HOMICIDIO DOLOSO;2022-04-06;09:45:00;Quarta;Outros meios;Masculino;20;Ensino Médio Completo;Não Informada
Itaitinga;AIS 25;HOMICIDIO DOLOSO;2022-04-06;11:26:00;Quarta;Arma de fogo;Masculino;36;Não Alfabetizado;Não Informada
Juazeiro do Norte;AIS 02;HOMICIDIO DOLOSO;2022-04-06;16:59:59;Quarta;Arma de fogo;Masculino;41;Ensino Fundamental Incompleto;Não Informada
Horizonte;AIS 25;HOMICIDIO DOLOSO;2022-04-06;17:30:00;Quarta;Arma de fogo;Masculino;19;Ensino Fundamental Completo;Branca
Fortaleza;AIS 20;HOMICIDIO DOLOSO;2022-04-06;18:08:00;Quarta;Arma de fogo;Masculino;22;Ensino Fundamental Incompleto;Não Informada
Itaitinga;AIS 25;HOMICIDIO DOLOSO;2022-04-06;18:44:00;Quarta;Arma de fogo;Feminino;26;Superior Incompleto;Não Informada
Banabuiú;AIS 09;HOMICIDIO DOLOSO;2022-04-06;19:00:00;Quarta;Arma de fogo;Masculino;41;Ensino Médio Incompleto;Não Informada
Tianguá;AIS 27;HOMICIDIO DOLOSO;2022-04-06;21:29:59;Quarta;Arma de fogo;Masculino;29;Alfabetizado;Parda
Maracanaú;AIS 14;HOMICIDIO DOLOSO;2022-04-07;01:00:00;Quinta;Arma de fogo;Masculino;17;Alfabetizado;Não Informada
Caucaia;AIS 12;HOMICIDIO DOLOSO;2022-04-07;08:35:00;Quinta;Outros meios;Masculino;Não Informada;Não Informada;Não Informada
Fortaleza;AIS 16;HOMICIDIO DOLOSO;2022-04-07;10:00:00;Quinta;Arma de fogo;Masculino;21;Alfabetizado;Não Informada
Tianguá;AIS 27;HOMICIDIO DOLOSO;2022-04-07;12:29:59;Quinta;Arma de fogo;Masculino;33;Não Informada;Não Informada
São Benedito;AIS 27;HOMICIDIO DOLOSO;2022-04-07;22:00:00;Quinta;Arma de fogo;Masculino;36;Alfabetizado;Preta
Tabuleiro do Norte;AIS 01;HOMICIDIO DOLOSO;2022-04-08;01:00:00;Sexta;Arma de fogo;Masculino;34;Ensino Fundamental Incompleto;Não Informada
Independência;AIS 07;HOMICIDIO DOLOSO;2022-04-08;13:30:00;Sexta;Arma de fogo;Masculino;36;Alfabetizado;Não Informada
Sobral;AIS 03;HOMICIDIO DOLOSO;2022-04-08;18:29:59;Sexta;Arma de fogo;Masculino;31;Não Informada;Não Informada
Itapajé;AIS 11;HOMICIDIO DOLOSO;2022-04-08;20:40:00;Sexta;Arma de fogo;Masculino;16;Alfabetizado;Não Informada
Eusébio;AIS 15;HOMICIDIO DOLOSO;2022-04-08;21:29:59;Sexta;Arma de fogo;Masculino;21;Ensino Fundamental Incompleto;Não Informada
Fortaleza;AIS 05;HOMICIDIO DOLOSO;2022-04-09;06:47:00;Sábado;Outros meios;Masculino;34;Ensino Fundamental Incompleto;Não Informada
Monsenhor Tabosa;AIS 07;HOMICIDIO DOLOSO;2022-04-09;07:40:00;Sábado;Arma de fogo;Masculino;23;Ensino Fundamental Completo;Não Informada
Juazeiro do Norte;AIS 02;HOMICIDIO DOLOSO;2022-04-09;18:15:00;Sábado;Arma de fogo;Masculino;26;Alfabetizado;Não Informada
Juazeiro do Norte;AIS 02;HOMICIDIO DOLOSO;2022-04-09;19:30:00;Sábado;Arma de fogo;Masculino;29;Alfabetizado;Parda
Ocara;AIS 29;HOMICIDIO DOLOSO;2022-04-09;22:40:00;Sábado;Arma de fogo;Masculino;28;Não Alfabetizado;Não Informada
Fortaleza;AIS 16;HOMICIDIO DOLOSO;2022-04-10;01:10:00;Domingo;Arma de fogo;Masculino;30;Ensino Médio Completo;Parda
Pacajus;AIS 25;HOMICIDIO DOLOSO;2022-04-10;01:59:59;Domingo;Arma de fogo;Masculino;20;Ensino Médio Incompleto;Não Informada
Fortaleza;AIS 21;HOMICIDIO DOLOSO;2022-04-10;02:34:00;Domingo;Arma de fogo;Masculino;36;Alfabetizado;Preta
Palhano;AIS 30;HOMICIDIO DOLOSO;2022-04-10;03:40:00;Domingo;Arma de fogo;Masculino;29;Ensino Fundamental Completo;Não Informada
Piquet Carneiro;AIS 13;HOMICIDIO DOLOSO;2022-04-10;03:40:00;Domingo;Arma de fogo;Masculino;32;Alfabetizado;Não Informada
Fortaleza;AIS 16;HOMICIDIO DOLOSO;2022-04-10;05:30:00;Domingo;Arma de fogo;Masculino;34;Ensino Fundamental Completo;Branca
Russas;AIS 01;HOMICIDIO DOLOSO;2022-04-10;17:50:00;Domingo;Arma de fogo;Masculino;42;Ensino Fundamental Incompleto;Não Informada
Viçosa do Ceará;AIS 27;HOMICIDIO DOLOSO;2022-04-10;18:29:59;Domingo;Arma branca;Masculino;16;Alfabetizado;Branca
Beberibe;AIS 30;HOMICIDIO DOLOSO;2022-04-10;22:59:59;Domingo;Arma de fogo;Masculino;33;Alfabetizado;Não Informada
Brejo Santo;AIS 32;FEMINICÍDIO;2022-04-11;05:30:00;Segunda;Outros meios;Feminino;53;Superior Completo;Branca
Pacajus;AIS 25;HOMICIDIO DOLOSO;2022-04-11;09:29:59;Segunda;Arma de fogo;Masculino;23;Alfabetizado;Não Informada
Caucaia;AIS 12;HOMICIDIO DOLOSO;2022-04-11;19:00:00;Segunda;Arma de fogo;Masculino;20;Alfabetizado;Não Informada
Cascavel;AIS 15;HOMICIDIO DOLOSO;2022-04-11;21:19:59;Segunda;Arma de fogo;Masculino;34;Não Alfabetizado;Não Informada
Banabuiú;AIS 09;HOMICIDIO DOLOSO;2022-04-12;01:00:00;Terça;Arma de fogo;Masculino;29;Não Informada;Não Informada
Fortaleza;AIS 18;HOMICIDIO DOLOSO;2022-04-12;01:26:00;Terça;Arma de fogo;Masculino;27;Não Informada;Não Informada
Cariús;AIS 10;HOMICIDIO DOLOSO;2022-04-12;03:09:00;Terça;Arma de fogo;Masculino;23;Ensino Médio Incompleto;Não Informada
Trairi;AIS 23;HOMICIDIO DOLOSO;2022-04-12;18:11:00;Terça;Arma de fogo;Masculino;21;Ensino Fundamental Incompleto;Não Informada
Camocim;AIS 28;HOMICIDIO DOLOSO;2022-04-12;21:29:59;Terça;Arma de fogo;Masculino;26;Alfabetizado;Parda
Fortaleza;AIS 16;HOMICIDIO DOLOSO;2022-04-13;02:10:00;Quarta;Arma de fogo;Masculino;44;Ensino Fundamental Incompleto;Não Informada
Viçosa do Ceará;AIS 27;HOMICIDIO DOLOSO;2022-04-13;03:00:00;Quarta;Arma de fogo;Feminino;35;Não Informada;Não Informada
Forquilha;AIS 03;HOMICIDIO DOLOSO;2022-04-13;05:30:00;Quarta;Arma de fogo;Masculino;36;Alfabetizado;Parda
Tarrafas;AIS 10;HOMICIDIO DOLOSO;2022-04-13;10:45:00;Quarta;Arma branca;Feminino;23;Ensino Fundamental Incompleto;Não Informada
Tarrafas;AIS 10;HOMICIDIO DOLOSO;2022-04-13;10:45:00;Quarta;Arma branca;Feminino;17;Ensino Fundamental Incompleto;Não Informada
Horizonte;AIS 25;HOMICIDIO DOLOSO;2022-04-13;13:59:59;Quarta;Arma de fogo;Masculino;43;Ensino Médio Incompleto;Não Informada
Fortaleza;AIS 05;HOMICIDIO DOLOSO;2022-04-13;15:00:00;Quarta;Outros meios;Masculino;49;Alfabetizado;Não Informada
Mulungu;AIS 29;HOMICIDIO DOLOSO;2022-04-13;17:40:00;Quarta;Arma de fogo;Masculino;29;Não Alfabetizado;Não Informada
Fortaleza;AIS 18;ROUBO SEGUIDO DE MORTE (LATROCINIO);2022-04-13;19:08:00;Quarta;Arma de fogo;Masculino;30;Superior Completo;Não Informada
Viçosa do Ceará;AIS 27;HOMICIDIO DOLOSO;2022-04-14;02:00:00;Quinta;Arma de fogo;Masculino;33;Ensino Fundamental Completo;Não Informada
Fortaleza;AIS 20;HOMICIDIO DOLOSO;2022-04-14;03:00:00;Quinta;Arma de fogo;Masculino;19;Alfabetizado;Não Informada
Acaraú;AIS 11;HOMICIDIO DOLOSO;2022-04-14;09:10:00;Quinta;Arma de fogo;Masculino;22;Ensino Fundamental Incompleto;Não Informada
Itarema;AIS 11;HOMICIDIO DOLOSO;2022-04-14;09:21:59;Quinta;Arma de fogo;Masculino;33;Ensino Médio Incompleto;Parda
Chorozinho;AIS 25;HOMICIDIO DOLOSO;2022-04-14;10:30:00;Quinta;Arma de fogo;Masculino;18;Ensino Médio Incompleto;Não Informada
Fortaleza;AIS 18;HOMICIDIO DOLOSO;2022-04-14;10:37:00;Quinta;Arma de fogo;Masculino;63;Alfabetizado;Não Informada
Fortaleza;AIS 16;HOMICIDIO DOLOSO;2022-04-14;21:17:00;Quinta;Arma de fogo;Masculino;65;Ensino Fundamental Completo;Não Informada
Fortaleza;AIS 16;ROUBO SEGUIDO DE MORTE (LATROCINIO);2022-04-14;21:29:59;Quinta;Arma de fogo;Masculino;29;Alfabetizado;Não Informada
Maracanaú;AIS 14;HOMICIDIO DOLOSO;2022-04-14;22:30:00;Quinta;Arma de fogo;Masculino;65;Alfabetizado;Não Informada
Jardim;AIS 02;HOMICIDIO DOLOSO;2022-04-15;01:00:00;Sexta;Arma de fogo;Masculino;23;Ensino Fundamental Incompleto;Não Informada
Maracanaú;AIS 14;HOMICIDIO DOLOSO;2022-04-15;01:25:00;Sexta;Arma de fogo;Masculino;32;Alfabetizado;Não Informada
Solonópole;AIS 09;HOMICIDIO DOLOSO;2022-04-15;04:14:59;Sexta;Arma de fogo;Masculino;19;Ensino Fundamental Completo;Parda
Barreira;AIS 29;HOMICIDIO DOLOSO;2022-04-15;08:40:00;Sexta;Outros meios;Masculino;27;Não Informada;Parda
Forquilha;AIS 03;HOMICIDIO DOLOSO;2022-04-15;10:59:59;Sexta;Arma de fogo;Masculino;42;Alfabetizado;Não Informada
Tamboril;AIS 07;HOMICIDIO DOLOSO;2022-04-15;12:29:59;Sexta;Arma branca;Masculino;45;Ensino Fundamental Incompleto;Parda
Caucaia;AIS 26;HOMICIDIO DOLOSO;2022-04-15;21:00:00;Sexta;Arma de fogo;Masculino;17;Ensino Médio Incompleto;Não Informada
Fortaleza;AIS 06;HOMICIDIO DOLOSO;2022-04-15;21:32:00;Sexta;Arma de fogo;Feminino;28;Ensino Médio Completo;Não Informada
Crato;AIS 02;HOMICIDIO DOLOSO;2022-04-16;00:53:00;Sábado;Arma de fogo;Masculino;45;Alfabetizado;Não Informada
Tamboril;AIS 07;HOMICIDIO DOLOSO;2022-04-16;08:30:00;Sábado;Arma de fogo;Masculino;30;Não Informada;Parda
Sobral;AIS 03;HOMICIDIO DOLOSO;2022-04-16;10:59:59;Sábado;Arma de fogo;Masculino;19;Não Informada;Não Informada
Choró;AIS 09;HOMICIDIO DOLOSO;2022-04-16;11:40:00;Sábado;Arma de fogo;Feminino;20;Ensino Médio Completo;Não Informada
Sobral;AIS 03;HOMICIDIO DOLOSO;2022-04-16;11:50:00;Sábado;Arma de fogo;Masculino;17;Ensino Médio Incompleto;Não Informada
Itaitinga;AIS 25;ROUBO SEGUIDO DE MORTE (LATROCINIO);2022-04-16;12:29:59;Sábado;Arma de fogo;Masculino;14;Ensino Fundamental Incompleto;Não Informada
Trairi;AIS 23;HOMICIDIO DOLOSO;2022-04-16;16:40:00;Sábado;Arma de fogo;Masculino;29;Alfabetizado;Não Informada
Tamboril;AIS 07;HOMICIDIO DOLOSO;2022-04-16;16:53:00;Sábado;Arma de fogo;Feminino;39;Ensino Fundamental Incompleto;Não Informada
Chaval;AIS 28;HOMICIDIO DOLOSO;2022-04-16;19:49:59;Sábado;Arma de fogo;Masculino;29;Alfabetizado;Parda
Itatira;AIS 04;HOMICIDIO DOLOSO;2022-04-16;23:19:59;Sábado;Arma branca;Masculino;50;Alfabetizado;Não Informada
Morada Nova;AIS 09;HOMICIDIO DOLOSO;2022-04-16;23:30:00;Sábado;Arma de fogo;Masculino;43;Ensino Fundamental Incompleto;Não Informada
Fortaleza;AIS 06;HOMICIDIO DOLOSO;2022-04-17;00:40:00;Domingo;Arma de fogo;Masculino;23;Ensino Fundamental Completo;Não Informada
Cruz;AIS 11;HOMICIDIO DOLOSO;2022-04-17;01:00:00;Domingo;Outros meios;Masculino;27;Ensino Fundamental Completo;Não Informada
Pacajus;AIS 25;HOMICIDIO DOLOSO;2022-04-17;02:04:00;Domingo;Arma de fogo;Masculino;20;Não Informada;Não Informada
Pacajus;AIS 25;HOMICIDIO DOLOSO;2022-04-17;02:04:00;Domingo;Arma de fogo;Feminino;34;Alfabetizado;Não Informada
Cascavel;AIS 15;HOMICIDIO DOLOSO;2022-04-17;04:59:59;Domingo;Arma de fogo;Masculino;22;Alfabetizado;Não Informada
Fortaleza;AIS 16;HOMICIDIO DOLOSO;2022-04-17;05:30:00;Domingo;Arma de fogo;Masculino;25;Alfabetizado;Parda
Itapiúna;AIS 29;HOMICIDIO DOLOSO;2022-04-17;06:29:59;Domingo;Arma de fogo;Masculino;22;Ensino Médio Completo;Não Informada
Aratuba;AIS 29;HOMICIDIO DOLOSO;2022-04-17;07:40:00;Domingo;Arma de fogo;Masculino;21;Alfabetizado;Parda
Pacatuba;AIS 24;HOMICIDIO DOLOSO;2022-04-17;09:47:00;Domingo;Arma de fogo;Masculino;19;Ensino Fundamental Incompleto;Não Informada
Fortaleza;AIS 05;HOMICIDIO DOLOSO;2022-04-17;13:59:59;Domingo;Arma de fogo;Masculino;32;Ensino Médio Incompleto;Não Informada
Catunda;AIS 07;HOMICIDIO DOLOSO;2022-04-17;17:30:00;Domingo;Arma de fogo;Masculino;26;Alfabetizado;Não Informada
Caucaia;AIS 12;HOMICIDIO DOLOSO;2022-04-17;17:39:00;Domingo;Arma de fogo;Masculino;21;Alfabetizado;Branca
Eusébio;AIS 15;ROUBO SEGUIDO DE MORTE (LATROCINIO);2022-04-17;18:00:00;Domingo;Arma de fogo;Masculino;36;Superior Completo;Não Informada
Acaraú;AIS 11;HOMICIDIO DOLOSO;2022-04-17;19:00:00;Domingo;Arma de fogo;Masculino;33;Ensino Fundamental Incompleto;Parda
Barbalha;AIS 02;HOMICIDIO DOLOSO;2022-04-17;19:59:59;Domingo;Arma de fogo;Masculino;33;Ensino Médio Completo;Amarela
Barbalha;AIS 02;HOMICIDIO DOLOSO;2022-04-17;19:59:59;Domingo;Arma de fogo;Masculino;42;Alfabetizado;Não Informada
Barbalha;AIS 02;HOMICIDIO DOLOSO;2022-04-17;19:59:59;Domingo;Arma de fogo;Masculino;18;Alfabetizado;Não Informada
Fortaleza;AIS 06;HOMICIDIO DOLOSO;2022-04-17;21:39:00;Domingo;Arma de fogo;Masculino;33;Ensino Médio Completo;Não Informada
Fortaleza;AIS 06;HOMICIDIO DOLOSO;2022-04-17;21:39:00;Domingo;Arma de fogo;Masculino;16;Ensino Fundamental Incompleto;Não Informada
Itarema;AIS 11;HOMICIDIO DOLOSO;2022-04-18;03:15:00;Segunda;Arma de fogo;Masculino;41;Alfabetizado;Não Informada
Pacajus;AIS 25;HOMICIDIO DOLOSO;2022-04-18;03:18:00;Segunda;Arma de fogo;Masculino;40;Ensino Médio Completo;Parda
Fortaleza;AIS 05;HOMICIDIO DOLOSO;2022-04-18;16:30:00;Segunda;Arma branca;Masculino;16;Ensino Médio Incompleto;Não Informada
Caucaia;AIS 12;HOMICIDIO DOLOSO;2022-04-18;16:30:00;Segunda;Arma de fogo;Feminino;17;Ensino Médio Incompleto;Não Informada
Assaré;AIS 33;HOMICIDIO DOLOSO;2022-04-18;17:30:00;Segunda;Arma de fogo;Masculino;26;Não Informada;Não Informada
Potiretama;AIS 31;HOMICIDIO DOLOSO;2022-04-18;18:29:59;Segunda;Arma de fogo;Masculino;35;Alfabetizado;Branca
Tamboril;AIS 07;HOMICIDIO DOLOSO;2022-04-18;19:00:00;Segunda;Arma de fogo;Feminino;28;Alfabetizado;Não Informada
Quixadá;AIS 09;HOMICIDIO DOLOSO;2022-04-18;21:00:00;Segunda;Arma de fogo;Masculino;23;Ensino Fundamental Completo;Não Informada
Fortaleza;AIS 18;HOMICIDIO DOLOSO;2022-04-18;22:19:00;Segunda;Arma de fogo;Masculino;24;Ensino Fundamental Incompleto;Não Informada
Fortaleza;AIS 21;HOMICIDIO DOLOSO;2022-04-19;12:15:00;Terça;Arma de fogo;Masculino;35;Alfabetizado;Não Informada
Fortaleza;AIS 17;HOMICIDIO DOLOSO;2022-04-19;14:30:00;Terça;Arma branca;Masculino;60;Alfabetizado;Parda
Fortaleza;AIS 21;HOMICIDIO DOLOSO;2022-04-19;14:42:59;Terça;Outros meios;Masculino;Não Informada;Não Informada;Não Informada
Russas;AIS 01;HOMICIDIO DOLOSO;2022-04-19;16:00:00;Terça;Arma de fogo;Masculino;31;Ensino Médio Completo;Parda
Caucaia;AIS 26;HOMICIDIO DOLOSO;2022-04-19;17:42:59;Terça;Arma de fogo;Masculino;19;Alfabetizado;Parda
Morada Nova;AIS 09;ROUBO SEGUIDO DE MORTE (LATROCINIO);2022-04-19;18:29:59;Terça;Arma de fogo;Feminino;47;Alfabetizado;Parda
Morada Nova;AIS 09;HOMICIDIO DOLOSO;2022-04-19;18:29:59;Terça;Arma de fogo;Masculino;52;Alfabetizado;Não Informada
Limoeiro do Norte;AIS 01;HOMICIDIO DOLOSO;2022-04-19;19:00:00;Terça;Arma de fogo;Masculino;41;Ensino Fundamental Completo;Não Informada
Fortaleza;AIS 17;HOMICIDIO DOLOSO;2022-04-19;20:12:00;Terça;Arma de fogo;Masculino;27;Ensino Médio Completo;Não Informada
Fortaleza;AIS 16;HOMICIDIO DOLOSO;2022-04-20;00:04:59;Quarta;Arma de fogo;Masculino;19;Ensino Fundamental Completo;Não Informada
Maracanaú;AIS 14;HOMICIDIO DOLOSO;2022-04-20;06:00:00;Quarta;Arma de fogo;Masculino;31;Ensino Fundamental Incompleto;Parda
Maracanaú;AIS 14;HOMICIDIO DOLOSO;2022-04-20;13:59:59;Quarta;Arma de fogo;Masculino;30;Alfabetizado;Parda
Fortaleza;AIS 05;HOMICIDIO DOLOSO;2022-04-20;23:43:00;Quarta;Arma de fogo;Masculino;36;Ensino Médio Completo;Branca
Fortaleza;AIS 05;HOMICIDIO DOLOSO;2022-04-20;23:43:00;Quarta;Arma de fogo;Masculino;34;Ensino Fundamental Incompleto;Não Informada
Maracanaú;AIS 14;HOMICIDIO DOLOSO;2022-04-21;00:00:00;Quinta;Arma de fogo;Masculino;25;Ensino Fundamental Completo;Não Informada
Forquilha;AIS 03;HOMICIDIO DOLOSO;2022-04-21;03:42:00;Quinta;Arma de fogo;Masculino;13;Não Informada;Não Informada
Tamboril;AIS 07;HOMICIDIO DOLOSO;2022-04-21;06:00:00;Quinta;Arma de fogo;Masculino;46;Ensino Fundamental Incompleto;Não Informada
Fortaleza;AIS 19;HOMICIDIO DOLOSO;2022-04-21;12:49:59;Quinta;Outros meios;Masculino;42;Não Alfabetizado;Não Informada
Ibicuitinga;AIS 09;HOMICIDIO DOLOSO;2022-04-21;14:30:00;Quinta;Arma de fogo;Masculino;22;Alfabetizado;Não Informada
Fortaleza;AIS 22;HOMICIDIO DOLOSO;2022-04-21;15:49:59;Quinta;Arma de fogo;Masculino;22;Ensino Fundamental Completo;Não Informada
Caucaia;AIS 26;HOMICIDIO DOLOSO;2022-04-21;19:14:59;Quinta;Arma de fogo;Feminino;48;Alfabetizado;Não Informada
Cedro;AIS 34;HOMICIDIO DOLOSO;2022-04-21;19:59:59;Quinta;Arma de fogo;Masculino;39;Alfabetizado;Não Informada
Limoeiro do Norte;AIS 01;HOMICIDIO DOLOSO;2022-04-21;19:59:59;Quinta;Arma de fogo;Masculino;19;Alfabetizado;Não Informada
Tianguá;AIS 27;HOMICIDIO DOLOSO;2022-04-21;22:10:00;Quinta;Arma de fogo;Masculino;39;Não Informada;Não Informada
Fortaleza;AIS 19;HOMICIDIO DOLOSO;2022-04-21;22:56:00;Quinta;Arma de fogo;Masculino;17;Ensino Fundamental Incompleto;Não Informada
Fortaleza;AIS 20;HOMICIDIO DOLOSO;2022-04-22;01:00:00;Sexta;Arma de fogo;Masculino;27;Ensino Fundamental Completo;Não Informada
Ipaporanga;AIS 07;HOMICIDIO DOLOSO;2022-04-22;06:00:00;Sexta;Arma de fogo;Masculino;23;Ensino Fundamental Incompleto;Não Informada
Fortaleza;AIS 18;HOMICIDIO DOLOSO;2022-04-22;22:20:00;Sexta;Arma de fogo;Feminino;31;Ensino Fundamental Incompleto;Não Informada
Fortaleza;AIS 18;HOMICIDIO DOLOSO;2022-04-22;22:20:00;Sexta;Arma de fogo;Masculino;37;Ensino Médio Incompleto;Não Informada
Crato;AIS 02;HOMICIDIO DOLOSO;2022-04-23;00:01:00;Sábado;Arma de fogo;Masculino;26;Alfabetizado;Não Informada
Fortaleza;AIS 17;HOMICIDIO DOLOSO;2022-04-23;08:50:59;Sábado;Arma branca;Masculino;25;Ensino Fundamental Incompleto;Não Informada
Maracanaú;AIS 14;HOMICIDIO DOLOSO;2022-04-23;09:43:59;Sábado;Arma de fogo;Feminino;27;Ensino Fundamental Completo;Não Informada
Aquiraz;AIS 15;HOMICIDIO DOLOSO;2022-04-23;14:11:00;Sábado;Arma de fogo;Masculino;27;Não Alfabetizado;Parda
Fortaleza;AIS 19;HOMICIDIO DOLOSO;2022-04-23;16:04:59;Sábado;Arma de fogo;Masculino;36;Ensino Médio Incompleto;Não Informada
Crateús;AIS 07;HOMICIDIO DOLOSO;2022-04-23;16:30:00;Sábado;Arma de fogo;Masculino;36;Não Alfabetizado;Não Informada
Fortaleza;AIS 17;HOMICIDIO DOLOSO;2022-04-23;16:56:00;Sábado;Arma de fogo;Masculino;38;Ensino Fundamental Incompleto;Não Informada
Fortaleza;AIS 05;HOMICIDIO DOLOSO;2022-04-23;16:59:59;Sábado;Arma de fogo;Masculino;28;Ensino Médio Completo;Não Informada
Fortaleza;AIS 17;FEMINICÍDIO;2022-04-23;21:49:59;Sábado;Arma branca;Feminino;51;Ensino Fundamental Completo;Não Informada
Boa Viagem;AIS 04;HOMICIDIO DOLOSO;2022-04-23;23:30:00;Sábado;Outros meios;Masculino;38;Não Alfabetizado;Parda
Fortaleza;AIS 16;HOMICIDIO DOLOSO;2022-04-23;23:30:00;Sábado;Arma de fogo;Masculino;40;Ensino Médio Completo;Não Informada
Tejuçuoca;AIS 11;HOMICIDIO DOLOSO;2022-04-23;23:49:00;Sábado;Arma de fogo;Masculino;27;Alfabetizado;Não Informada
Paracuru;AIS 23;HOMICIDIO DOLOSO;2022-04-24;03:21:00;Domingo;Arma de fogo;Masculino;23;Ensino Médio Incompleto;Não Informada
Baturité;AIS 29;HOMICIDIO DOLOSO;2022-04-24;12:29:59;Domingo;Arma de fogo;Masculino;33;Ensino Fundamental Incompleto;Parda
Jijoca de Jericoacoara;AIS 11;HOMICIDIO DOLOSO;2022-04-24;13:00:00;Domingo;Arma de fogo;Masculino;34;Ensino Fundamental Completo;Não Informada
Pacajus;AIS 25;HOMICIDIO DOLOSO;2022-04-24;13:30:00;Domingo;Arma de fogo;Masculino;26;Não Informada;Não Informada
Caucaia;AIS 26;HOMICIDIO DOLOSO;2022-04-24;14:03:00;Domingo;Arma de fogo;Masculino;25;Ensino Fundamental Completo;Branca
Fortaleza;AIS 16;HOMICIDIO DOLOSO;2022-04-24;16:04:00;Domingo;Outros meios;Masculino;45;Alfabetizado;Não Informada
Caucaia;AIS 12;HOMICIDIO DOLOSO;2022-04-24;18:49:00;Domingo;Arma de fogo;Masculino;46;Alfabetizado;Parda
Caucaia;AIS 12;HOMICIDIO DOLOSO;2022-04-24;18:49:00;Domingo;Arma de fogo;Masculino;22;Ensino Fundamental Incompleto;Não Informada
São Benedito;AIS 27;HOMICIDIO DOLOSO;2022-04-24;20:19:59;Domingo;Arma de fogo;Masculino;24;Alfabetizado;Parda
Iracema;AIS 31;HOMICIDIO DOLOSO;2022-04-25;02:30:00;Segunda;Arma de fogo;Feminino;39;Ensino Médio Incompleto;Não Informada
Morada Nova;AIS 09;HOMICIDIO DOLOSO;2022-04-25;04:00:00;Segunda;Arma de fogo;Masculino;16;Não Informada;Não Informada
Brejo Santo;AIS 32;HOMICIDIO DOLOSO;2022-04-25;04:59:59;Segunda;Arma de fogo;Masculino;48;Alfabetizado;Parda
Aquiraz;AIS 15;HOMICIDIO DOLOSO;2022-04-25;18:00:00;Segunda;Arma de fogo;Masculino;19;Ensino Fundamental Incompleto;Não Informada
Morada Nova;AIS 09;HOMICIDIO DOLOSO;2022-04-25;19:00:00;Segunda;Arma de fogo;Masculino;41;Ensino Fundamental Incompleto;Não Informada
Morada Nova;AIS 09;HOMICIDIO DOLOSO;2022-04-25;19:00:00;Segunda;Arma de fogo;Masculino;16;Alfabetizado;Não Informada
Ibiapina;AIS 27;HOMICIDIO DOLOSO;2022-04-25;22:59:59;Segunda;Arma branca;Masculino;21;Ensino Fundamental Completo;Não Informada
Aquiraz;AIS 15;HOMICIDIO DOLOSO;2022-04-25;23:21:00;Segunda;Arma de fogo;Masculino;46;Alfabetizado;Parda
Guaiúba;AIS 24;HOMICIDIO DOLOSO;2022-04-26;00:40:00;Terça;Arma de fogo;Masculino;29;Alfabetizado;Não Informada
Cascavel;AIS 15;HOMICIDIO DOLOSO;2022-04-26;02:30:00;Terça;Arma de fogo;Feminino;41;Ensino Fundamental Incompleto;Não Informada
Cascavel;AIS 15;HOMICIDIO DOLOSO;2022-04-26;02:30:00;Terça;Arma de fogo;Masculino;41;Ensino Fundamental Completo;Não Informada
Fortaleza;AIS 18;HOMICIDIO DOLOSO;2022-04-26;07:59:59;Terça;Arma branca;Masculino;35;Ensino Fundamental Incompleto;Não Informada
Brejo Santo;AIS 32;HOMICIDIO DOLOSO;2022-04-26;11:41:59;Terça;Arma de fogo;Masculino;21;Ensino Fundamental Completo;Parda
Fortaleza;AIS 16;HOMICIDIO DOLOSO;2022-04-26;13:11:00;Terça;Arma de fogo;Masculino;20;Ensino Médio Incompleto;Não Informada
Cedro;AIS 34;HOMICIDIO DOLOSO;2022-04-26;15:40:00;Terça;Arma de fogo;Masculino;32;Ensino Médio Completo;Não Informada
Alto Santo;AIS 31;HOMICIDIO DOLOSO;2022-04-26;20:30:00;Terça;Arma de fogo;Masculino;32;Não Informada;Não Informada
Fortaleza;AIS 21;HOMICIDIO DOLOSO;2022-04-26;22:45:00;Terça;Arma de fogo;Masculino;29;Alfabetizado;Parda
Tabuleiro do Norte;AIS 01;HOMICIDIO DOLOSO;2022-04-27;08:30:00;Quarta;Arma de fogo;Masculino;41;Alfabetizado;Não Informada
Caucaia;AIS 12;HOMICIDIO DOLOSO;2022-04-27;09:34:00;Quarta;Arma de fogo;Masculino;30;Alfabetizado;Não Informada
Limoeiro do Norte;AIS 01;HOMICIDIO DOLOSO;2022-04-27;10:00:00;Quarta;Arma de fogo;Masculino;25;Ensino Fundamental Incompleto;Não Informada
Caucaia;AIS 12;HOMICIDIO DOLOSO;2022-04-27;10:03:00;Quarta;Arma de fogo;Masculino;74;Superior Completo;Não Informada
Fortaleza;AIS 16;HOMICIDIO DOLOSO;2022-04-27;12:00:00;Quarta;Arma de fogo;Masculino;41;Ensino Fundamental Incompleto;Não Informada
Tamboril;AIS 07;HOMICIDIO DOLOSO;2022-04-27;13:49:59;Quarta;Arma de fogo;Masculino;18;Alfabetizado;Não Informada
Crato;AIS 02;HOMICIDIO DOLOSO;2022-04-27;16:30:00;Quarta;Arma de fogo;Masculino;25;Alfabetizado;Não Informada
Fortaleza;AIS 18;HOMICIDIO DOLOSO;2022-04-27;18:19:59;Quarta;Arma de fogo;Masculino;60;Ensino Fundamental Incompleto;Não Informada
Camocim;AIS 28;HOMICIDIO DOLOSO;2022-04-27;18:49:59;Quarta;Arma de fogo;Masculino;29;Ensino Fundamental Incompleto;Parda
Maracanaú;AIS 14;HOMICIDIO DOLOSO;2022-04-27;21:00:00;Quarta;Arma de fogo;Masculino;Não Informada;Não Informada;Não Informada
Caucaia;AIS 12;HOMICIDIO DOLOSO;2022-04-27;22:00:00;Quarta;Arma de fogo;Masculino;28;Ensino Fundamental Completo;Não Informada
Barroquinha;AIS 28;HOMICIDIO DOLOSO;2022-04-28;00:00:01;Quinta;Arma branca;Masculino;47;Ensino Fundamental Completo;Parda
Fortaleza;AIS 16;HOMICIDIO DOLOSO;2022-04-28;00:26:59;Quinta;Arma de fogo;Masculino;34;Ensino Fundamental Completo;Não Informada
Maracanaú;AIS 14;HOMICIDIO DOLOSO;2022-04-28;12:29:59;Quinta;Arma de fogo;Masculino;39;Ensino Médio Completo;Parda
Redenção;AIS 29;HOMICIDIO DOLOSO;2022-04-28;21:00:00;Quinta;Arma de fogo;Masculino;34;Ensino Fundamental Incompleto;Não Informada
Fortaleza;AIS 08;FEMINICÍDIO;2022-04-29;00:00:00;Sexta;Outros meios;Feminino;33;Ensino Fundamental Completo;Não Informada
Tabuleiro do Norte;AIS 01;HOMICIDIO DOLOSO;2022-04-29;12:10:00;Sexta;Arma de fogo;Masculino;25;Ensino Fundamental Incompleto;Não Informada
Acaraú;AIS 11;HOMICIDIO DOLOSO;2022-04-29;14:40:00;Sexta;Arma de fogo;Masculino;30;Ensino Médio Completo;Não Informada
Trairi;AIS 23;HOMICIDIO DOLOSO;2022-04-29;16:59:59;Sexta;Arma de fogo;Masculino;25;Alfabetizado;Não Informada
Juazeiro do Norte;AIS 02;ROUBO SEGUIDO DE MORTE (LATROCINIO);2022-04-29;19:00:00;Sexta;Arma de fogo;Masculino;21;Ensino Médio Completo;Não Informada
Horizonte;AIS 25;HOMICIDIO DOLOSO;2022-04-30;00:00:01;Sábado;Arma de fogo;Masculino;Não Informada;Não Informada;Não Informada
Ipaumirim;AIS 34;HOMICIDIO DOLOSO;2022-04-30;01:30:00;Sábado;Arma de fogo;Masculino;25;Ensino Fundamental Incompleto;Não Informada
Independência;AIS 07;HOMICIDIO DOLOSO;2022-04-30;04:49:59;Sábado;Arma de fogo;Feminino;23;Ensino Médio Incompleto;Não Informada
Independência;AIS 07;HOMICIDIO DOLOSO;2022-04-30;04:49:59;Sábado;Arma de fogo;Masculino;26;Alfabetizado;Não Informada
Independência;AIS 07;HOMICIDIO DOLOSO;2022-04-30;04:49:59;Sábado;Arma de fogo;Feminino;22;Ensino Médio Completo;Não Informada
Fortaleza;AIS 17;HOMICIDIO DOLOSO;2022-04-30;05:47:00;Sábado;Arma de fogo;Masculino;23;Ensino Médio Incompleto;Branca
Fortaleza;AIS 17;HOMICIDIO DOLOSO;2022-04-30;05:47:00;Sábado;Arma de fogo;Masculino;18;Não Informada;Não Informada
Tejuçuoca;AIS 11;HOMICIDIO DOLOSO;2022-04-30;14:30:00;Sábado;Arma de fogo;Masculino;67;Alfabetizado;Não Informada
Missão Velha;AIS 02;HOMICIDIO DOLOSO;2022-04-30;16:00:00;Sábado;Arma de fogo;Masculino;20;Alfabetizado;Não Informada
Acopiara;AIS 10;HOMICIDIO DOLOSO;2022-04-30;19:30:00;Sábado;Arma de fogo;Masculino;36;Alfabetizado;Parda
Maranguape;AIS 24;HOMICIDIO DOLOSO;2022-04-30;21:02:00;Sábado;Arma de fogo;Masculino;25;Não Informada;Não Informada
Limoeiro do Norte;AIS 01;HOMICIDIO DOLOSO;2022-04-30;22:30:00;Sábado;Arma branca;Feminino;56;Ensino Fundamental Incompleto;Não Informada
Fortaleza;AIS 16;HOMICIDIO DOLOSO;2022-05-01;02:58:59;Domingo;Arma branca;Masculino;48;Não Informada;Não Informada
Aquiraz;AIS 15;HOMICIDIO DOLOSO;2022-05-01;06:00:00;Domingo;Arma de fogo;Masculino;16;Ensino Fundamental Incompleto;Parda
Fortaleza;AIS 16;HOMICIDIO DOLOSO;2022-05-01;16:16:00;Domingo;Arma de fogo;Masculino;28;Não Informada;Não Informada
Fortaleza;AIS 19;HOMICIDIO DOLOSO;2022-05-01;17:24:00;Domingo;Arma de fogo;Masculino;52;Alfabetizado;Não Informada
Maracanaú;AIS 14;HOMICIDIO DOLOSO;2022-05-01;18:29:59;Domingo;Outros meios;Masculino;54;Ensino Fundamental Completo;Não Informada
Aquiraz;AIS 15;HOMICIDIO DOLOSO;2022-05-01;18:57:00;Domingo;Arma de fogo;Masculino;21;Ensino Fundamental Incompleto;Parda
Fortaleza;AIS 16;HOMICIDIO DOLOSO;2022-05-01;20:48:00;Domingo;Arma de fogo;Masculino;27;Ensino Fundamental Completo;Parda
Fortaleza;AIS 16;HOMICIDIO DOLOSO;2022-05-01;20:48:00;Domingo;Arma de fogo;Masculino;27;Ensino Fundamental Incompleto;Parda
Baturité;AIS 29;HOMICIDIO DOLOSO;2022-05-02;02:15:00;Segunda;Arma de fogo;Masculino;22;Alfabetizado;Não Informada
Uruoca;AIS 28;HOMICIDIO DOLOSO;2022-05-02;08:44:59;Segunda;Arma de fogo;Masculino;51;Não Informada;Não Informada
Fortaleza;AIS 16;HOMICIDIO DOLOSO;2022-05-02;15:00:00;Segunda;Arma de fogo;Masculino;21;Ensino Fundamental Incompleto;Não Informada
Trairi;AIS 23;HOMICIDIO DOLOSO;2022-05-02;17:40:00;Segunda;Arma de fogo;Masculino;29;Alfabetizado;Parda
Maranguape;AIS 24;HOMICIDIO DOLOSO;2022-05-02;19:59:59;Segunda;Arma de fogo;Masculino;30;Ensino Fundamental Incompleto;Não Informada
Chorozinho;AIS 25;HOMICIDIO DOLOSO;2022-05-02;23:15:00;Segunda;Arma de fogo;Masculino;21;Ensino Médio Completo;Não Informada
Tamboril;AIS 07;HOMICIDIO DOLOSO;2022-05-03;04:00:00;Terça;Arma de fogo;Masculino;24;Ensino Fundamental Incompleto;Indígena
Tamboril;AIS 07;HOMICIDIO DOLOSO;2022-05-03;04:00:00;Terça;Arma de fogo;Masculino;18;Alfabetizado;Não Informada
Fortaleza;AIS 06;HOMICIDIO DOLOSO;2022-05-03;18:32:00;Terça;Arma de fogo;Masculino;34;Alfabetizado;Não Informada
Barreira;AIS 29;HOMICIDIO DOLOSO;2022-05-03;19:00:00;Terça;Arma de fogo;Masculino;25;Ensino Médio Incompleto;Não Informada
Apuiarés;AIS 11;HOMICIDIO DOLOSO;2022-05-03;20:17:00;Terça;Arma de fogo;Masculino;38;Ensino Médio Completo;Não Informada
Crateús;AIS 07;HOMICIDIO DOLOSO;2022-05-03;21:00:00;Terça;Arma de fogo;Masculino;27;Ensino Médio Incompleto;Não Informada
Aquiraz;AIS 15;HOMICIDIO DOLOSO;2022-05-03;23:00:00;Terça;Arma branca;Masculino;51;Ensino Fundamental Completo;Não Informada
Quixadá;AIS 09;HOMICIDIO DOLOSO;2022-05-04;07:59:59;Quarta;Arma de fogo;Masculino;28;Alfabetizado;Não Informada
Aquiraz;AIS 15;HOMICIDIO DOLOSO;2022-05-04;09:08:00;Quarta;Arma de fogo;Masculino;20;Ensino Fundamental Incompleto;Não Informada
Maracanaú;AIS 14;HOMICIDIO DOLOSO;2022-05-04;11:50:00;Quarta;Arma branca;Masculino;26;Não Alfabetizado;Parda
Fortaleza;AIS 17;HOMICIDIO DOLOSO;2022-05-04;12:29:59;Quarta;Arma de fogo;Masculino;Não Informada;Não Informada;Não Informada
Fortaleza;AIS 22;HOMICIDIO DOLOSO;2022-05-04;15:41:00;Quarta;Arma de fogo;Masculino;14;Não Alfabetizado;Não Informada
São Gonçalo do Amarante;AIS 23;HOMICIDIO DOLOSO;2022-05-04;17:30:00;Quarta;Arma de fogo;Masculino;51;Alfabetizado;Parda
Fortaleza;AIS 18;HOMICIDIO DOLOSO;2022-05-04;20:30:00;Quarta;Arma de fogo;Masculino;23;Ensino Médio Completo;Não Informada
Fortaleza;AIS 19;HOMICIDIO DOLOSO;2022-05-04;23:57:00;Quarta;Arma de fogo;Masculino;24;Alfabetizado;Não Informada
Pacatuba;AIS 24;HOMICIDIO DOLOSO;2022-05-05;00:00:00;Quinta;Arma de fogo;Masculino;52;Alfabetizado;Não Informada
Sobral;AIS 03;HOMICIDIO DOLOSO;2022-05-05;00:29:59;Quinta;Arma de fogo;Masculino;19;Ensino Fundamental Incompleto;Parda
Tabuleiro do Norte;AIS 01;HOMICIDIO DOLOSO;2022-05-05;09:29:59;Quinta;Arma de fogo;Masculino;47;Alfabetizado;Não Informada
Itaitinga;AIS 25;HOMICIDIO DOLOSO;2022-05-05;10:00:00;Quinta;Arma de fogo;Masculino;20;Alfabetizado;Não Informada
Cascavel;AIS 15;HOMICIDIO DOLOSO;2022-05-05;15:00:00;Quinta;Arma de fogo;Masculino;16;Ensino Fundamental Incompleto;Não Informada
Fortaleza;AIS 18;HOMICIDIO DOLOSO;2022-05-05;16:39:59;Quinta;Arma de fogo;Masculino;17;Ensino Médio Incompleto;Não Informada
Quixadá;AIS 09;HOMICIDIO DOLOSO;2022-05-05;19:49:59;Quinta;Arma de fogo;Masculino;29;Ensino Médio Completo;Não Informada
Varjota;AIS 07;HOMICIDIO DOLOSO;2022-05-05;21:29:00;Quinta;Arma de fogo;Masculino;48;Alfabetizado;Não Informada
Fortaleza;AIS 19;HOMICIDIO DOLOSO;2022-05-05;23:50:00;Quinta;Arma branca;Masculino;34;Ensino Fundamental Incompleto;Não Informada
Aquiraz;AIS 15;HOMICIDIO DOLOSO;2022-05-06;03:00:00;Sexta;Arma de fogo;Masculino;20;Alfabetizado;Não Informada
São Benedito;AIS 27;HOMICIDIO DOLOSO;2022-05-06;04:39:59;Sexta;Outros meios;Masculino;44;Alfabetizado;Preta
Trairi;AIS 23;HOMICIDIO DOLOSO;2022-05-06;06:00:00;Sexta;Arma de fogo;Masculino;22;Ensino Fundamental Incompleto;Parda
Horizonte;AIS 25;HOMICIDIO DOLOSO;2022-05-06;07:00:00;Sexta;Arma de fogo;Masculino;39;Ensino Fundamental Incompleto;Parda
Quixeré;AIS 01;HOMICIDIO DOLOSO;2022-05-06;07:20:00;Sexta;Arma de fogo;Masculino;25;Ensino Fundamental Completo;Não Informada
Irauçuba;AIS 11;HOMICIDIO DOLOSO;2022-05-06;12:00:00;Sexta;Arma de fogo;Masculino;Não Informada;Não Informada;Não Informada
Fortaleza;AIS 21;HOMICIDIO DOLOSO;2022-05-06;15:20:00;Sexta;Arma de fogo;Masculino;36;Ensino Fundamental Completo;Não Informada
Choró;AIS 09;HOMICIDIO DOLOSO;2022-05-06;19:00:00;Sexta;Arma de fogo;Masculino;25;Ensino Fundamental Completo;Parda
Croatá;AIS 27;HOMICIDIO DOLOSO;2022-05-06;19:00:00;Sexta;Arma de fogo;Masculino;26;Ensino Fundamental Completo;Não Informada
Jaguaruana;AIS 01;HOMICIDIO DOLOSO;2022-05-06;20:21:00;Sexta;Arma de fogo;Feminino;25;Ensino Médio Completo;Não Informada
Caucaia;AIS 26;HOMICIDIO DOLOSO;2022-05-07;03:15:00;Sábado;Arma branca;Feminino;36;Alfabetizado;Não Informada
Pacatuba;AIS 24;HOMICIDIO DOLOSO;2022-05-07;04:59:59;Sábado;Outros meios;Masculino;30;Alfabetizado;Não Informada
Russas;AIS 01;HOMICIDIO DOLOSO;2022-05-07;06:00:00;Sábado;Arma de fogo;Masculino;43;Não Alfabetizado;Não Informada
Fortaleza;AIS 19;HOMICIDIO DOLOSO;2022-05-07;08:30:00;Sábado;Arma de fogo;Masculino;34;Não Alfabetizado;Parda
Itapiúna;AIS 29;HOMICIDIO DOLOSO;2022-05-07;09:30:00;Sábado;Arma de fogo;Feminino;38;Superior Incompleto;Não Informada
Cascavel;AIS 15;HOMICIDIO DOLOSO;2022-05-07;13:00:00;Sábado;Arma de fogo;Masculino;21;Não Informada;Não Informada
Caucaia;AIS 12;HOMICIDIO DOLOSO;2022-05-07;16:00:00;Sábado;Arma de fogo;Masculino;29;Alfabetizado;Não Informada
Acaraú;AIS 11;HOMICIDIO DOLOSO;2022-05-07;17:30:00;Sábado;Arma branca;Masculino;37;Ensino Médio Completo;Não Informada
Caucaia;AIS 12;HOMICIDIO DOLOSO;2022-05-07;19:30:00;Sábado;Arma de fogo;Feminino;36;Alfabetizado;Não Informada
Fortaleza;AIS 18;HOMICIDIO DOLOSO;2022-05-07;20:30:00;Sábado;Arma de fogo;Masculino;25;Alfabetizado;Não Informada
Pedra Branca;AIS 09;HOMICIDIO DOLOSO;2022-05-08;02:01:00;Domingo;Arma de fogo;Masculino;19;Ensino Fundamental Completo;Não Informada
Crato;AIS 02;HOMICIDIO DOLOSO;2022-05-08;17:00:00;Domingo;Arma de fogo;Masculino;24;Ensino Médio Completo;Não Informada
Fortaleza;AIS 21;HOMICIDIO DOLOSO;2022-05-08;19:20:00;Domingo;Arma de fogo;Masculino;21;Ensino Fundamental Incompleto;Não Informada
Aratuba;AIS 29;HOMICIDIO DOLOSO;2022-05-08;20:00:00;Domingo;Arma de fogo;Masculino;30;Ensino Médio Incompleto;Não Informada
Itapiúna;AIS 29;HOMICIDIO DOLOSO;2022-05-08;21:00:00;Domingo;Arma de fogo;Masculino;24;Alfabetizado;Não Informada
Eusébio;AIS 15;HOMICIDIO DOLOSO;2022-05-08;21:29:59;Domingo;Arma de fogo;Masculino;22;Alfabetizado;Parda
Pentecoste;AIS 11;HOMICIDIO DOLOSO;2022-05-08;21:40:00;Domingo;Arma de fogo;Masculino;34;Ensino Fundamental Incompleto;Parda
Fortaleza;AIS 21;HOMICIDIO DOLOSO;2022-05-08;23:13:00;Domingo;Arma branca;Masculino;23;Ensino Médio Completo;Não Informada
Cascavel;AIS 15;HOMICIDIO DOLOSO;2022-05-09;01:00:00;Segunda;Arma de fogo;Masculino;31;Alfabetizado;Não Informada
Quixeré;AIS 01;HOMICIDIO DOLOSO;2022-05-09;02:40:00;Segunda;Arma de fogo;Masculino;24;Ensino Fundamental Incompleto;Não Informada
Acarape;AIS 29;HOMICIDIO DOLOSO;2022-05-09;08:30:00;Segunda;Arma de fogo;Masculino;19;Não Informada;Não Informada
Fortaleza;AIS 19;HOMICIDIO DOLOSO;2022-05-09;11:50:00;Segunda;Arma de fogo;Feminino;38;Ensino Médio Completo;Não Informada
Cascavel;AIS 15;HOMICIDIO DOLOSO;2022-05-09;16:30:00;Segunda;Arma branca;Masculino;53;Ensino Fundamental Incompleto;Não Informada
Fortaleza;AIS 22;LESAO CORPORAL SEGUIDA DE MORTE;2022-05-09;20:00:00;Segunda;Outros meios;Masculino;37;Ensino Médio Completo;Não Informada
Fortaleza;AIS 18;HOMICIDIO DOLOSO;2022-05-09;21:00:00;Segunda;Arma de fogo;Masculino;18;Alfabetizado;Não Informada
Fortaleza;AIS 18;HOMICIDIO DOLOSO;2022-05-09;22:00:00;Segunda;Arma de fogo;Feminino;Não Informada;Não Informada;Não Informada
Horizonte;AIS 25;HOMICIDIO DOLOSO;2022-05-10;00:04:59;Terça;Arma de fogo;Masculino;24;Alfabetizado;Preta
Aracoiaba;AIS 29;HOMICIDIO DOLOSO;2022-05-10;02:30:00;Terça;Arma de fogo;Masculino;53;Alfabetizado;Não Informada
Caucaia;AIS 26;HOMICIDIO DOLOSO;2022-05-10;10:00:00;Terça;Arma branca;Masculino;Não Informada;Não Informada;Não Informada
Chorozinho;AIS 25;HOMICIDIO DOLOSO;2022-05-10;19:00:00;Terça;Arma de fogo;Masculino;46;Alfabetizado;Não Informada
Cariús;AIS 10;HOMICIDIO DOLOSO;2022-05-10;23:30:00;Terça;Arma branca;Masculino;28;Não Informada;Não Informada
Chorozinho;AIS 25;HOMICIDIO DOLOSO;2022-05-11;00:00:00;Quarta;Arma de fogo;Masculino;42;Alfabetizado;Parda
Capistrano;AIS 29;HOMICIDIO DOLOSO;2022-05-11;08:19:59;Quarta;Arma de fogo;Masculino;20;Alfabetizado;Não Informada
Caucaia;AIS 12;HOMICIDIO DOLOSO;2022-05-11;08:41:59;Quarta;Outros meios;Masculino;27;Alfabetizado;Parda
Fortaleza;AIS 19;HOMICIDIO DOLOSO;2022-05-11;13:00:00;Quarta;Arma de fogo;Feminino;22;Ensino Fundamental Incompleto;Parda
Fortaleza;AIS 20;HOMICIDIO DOLOSO;2022-05-11;13:28:59;Quarta;Arma de fogo;Masculino;18;Alfabetizado;Parda
Fortaleza;AIS 16;HOMICIDIO DOLOSO;2022-05-11;15:09:00;Quarta;Arma branca;Feminino;29;Ensino Fundamental Completo;Não Informada
Fortaleza;AIS 06;HOMICIDIO DOLOSO;2022-05-11;16:00:00;Quarta;Arma de fogo;Masculino;37;Ensino Fundamental Incompleto;Não Informada
Fortaleza;AIS 18;HOMICIDIO DOLOSO;2022-05-11;16:30:00;Quarta;Arma de fogo;Masculino;19;Alfabetizado;Parda
Fortaleza;AIS 18;HOMICIDIO DOLOSO;2022-05-11;16:30:00;Quarta;Arma de fogo;Masculino;47;Alfabetizado;Não Informada
Caucaia;AIS 12;HOMICIDIO DOLOSO;2022-05-11;18:36:59;Quarta;Arma de fogo;Masculino;26;Ensino Fundamental Incompleto;Não Informada
Camocim;AIS 28;HOMICIDIO DOLOSO;2022-05-11;18:40:00;Quarta;Arma branca;Masculino;24;Não Informada;Parda
São Benedito;AIS 27;HOMICIDIO DOLOSO;2022-05-11;19:46:00;Quarta;Arma de fogo;Feminino;41;Ensino Fundamental Completo;Branca
Fortaleza;AIS 06;HOMICIDIO DOLOSO;2022-05-11;21:52:00;Quarta;Arma de fogo;Masculino;20;Ensino Médio Completo;Não Informada
São Benedito;AIS 27;HOMICIDIO DOLOSO;2022-05-12;01:45:00;Quinta;Arma de fogo;Masculino;20;Alfabetizado;Branca
Mauriti;AIS 32;HOMICIDIO DOLOSO;2022-05-12;03:29:59;Quinta;Outros meios;Masculino;35;Alfabetizado;Não Informada
Fortaleza;AIS 06;HOMICIDIO DOLOSO;2022-05-12;14:30:00;Quinta;Arma de fogo;Masculino;32;Ensino Fundamental Completo;Não Informada
Fortaleza;AIS 19;HOMICIDIO DOLOSO;2022-05-12;16:07:59;Quinta;Arma de fogo;Masculino;31;Ensino Fundamental Incompleto;Não Informada
Caucaia;AIS 12;HOMICIDIO DOLOSO;2022-05-12;16:59:59;Quinta;Arma de fogo;Masculino;16;Alfabetizado;Não Informada
Maracanaú;AIS 14;HOMICIDIO DOLOSO;2022-05-12;17:30:00;Quinta;Arma de fogo;Masculino;32;Ensino Fundamental Completo;Parda
Tururu;AIS 11;LESAO CORPORAL SEGUIDA DE MORTE;2022-05-12;17:30:00;Quinta;Outros meios;Masculino;22;Ensino Fundamental Incompleto;Não Informada
Fortaleza;AIS 16;HOMICIDIO DOLOSO;2022-05-12;17:50:00;Quinta;Arma de fogo;Masculino;24;Alfabetizado;Não Informada
Caucaia;AIS 26;HOMICIDIO DOLOSO;2022-05-12;18:00:00;Quinta;Arma de fogo;Feminino;22;Ensino Médio Completo;Parda
Maracanaú;AIS 14;HOMICIDIO DOLOSO;2022-05-12;19:03:00;Quinta;Arma de fogo;Feminino;21;Ensino Fundamental Incompleto;Não Informada
Crateús;AIS 07;HOMICIDIO DOLOSO;2022-05-12;19:20:00;Quinta;Arma de fogo;Masculino;36;Não Informada;Não Informada
Sobral;AIS 03;HOMICIDIO DOLOSO;2022-05-12;20:50:59;Quinta;Arma de fogo;Masculino;26;Ensino Fundamental Completo;Não Informada
Maranguape;AIS 24;HOMICIDIO DOLOSO;2022-05-12;20:51:59;Quinta;Arma de fogo;Masculino;39;Não Informada;Parda
Palmácia;AIS 29;HOMICIDIO DOLOSO;2022-05-12;22:59:59;Quinta;Arma de fogo;Masculino;21;Ensino Fundamental Incompleto;Não Informada
Barro;AIS 32;HOMICIDIO DOLOSO;2022-05-12;23:00:00;Quinta;Arma de fogo;Masculino;22;Alfabetizado;Preta
Fortaleza;AIS 21;HOMICIDIO DOLOSO;2022-05-12;23:44:59;Quinta;Arma de fogo;Masculino;23;Ensino Médio Incompleto;Parda
Fortaleza;AIS 06;HOMICIDIO DOLOSO;2022-05-12;23:57:00;Quinta;Arma de fogo;Masculino;23;Alfabetizado;Não Informada
Fortaleza;AIS 20;HOMICIDIO DOLOSO;2022-05-13;00:15:00;Sexta;Arma de fogo;Feminino;29;Alfabetizado;Parda
Aracoiaba;AIS 29;HOMICIDIO DOLOSO;2022-05-13;00:40:00;Sexta;Arma de fogo;Masculino;29;Alfabetizado;Não Informada
Mauriti;AIS 32;HOMICIDIO DOLOSO;2022-05-13;09:00:00;Sexta;Arma de fogo;Masculino;16;Ensino Fundamental Completo;Parda
Mauriti;AIS 32;HOMICIDIO DOLOSO;2022-05-13;09:00:00;Sexta;Arma de fogo;Masculino;26;Alfabetizado;Não Informada
Fortaleza;AIS 06;HOMICIDIO DOLOSO;2022-05-13;09:49:59;Sexta;Arma de fogo;Masculino;20;Ensino Fundamental Incompleto;Não Informada
Sobral;AIS 03;HOMICIDIO DOLOSO;2022-05-13;15:30:00;Sexta;Arma de fogo;Masculino;36;Alfabetizado;Branca
Fortaleza;AIS 16;HOMICIDIO DOLOSO;2022-05-13;18:00:00;Sexta;Arma de fogo;Masculino;15;Ensino Fundamental Incompleto;Não Informada
Fortaleza;AIS 16;HOMICIDIO DOLOSO;2022-05-13;19:59:59;Sexta;Arma de fogo;Masculino;24;Não Informada;Não Informada
Fortaleza;AIS 16;HOMICIDIO DOLOSO;2022-05-13;19:59:59;Sexta;Arma de fogo;Masculino;24;Ensino Fundamental Completo;Não Informada
Caucaia;AIS 26;HOMICIDIO DOLOSO;2022-05-13;20:39:59;Sexta;Arma de fogo;Feminino;17;Alfabetizado;Não Informada
Fortaleza;AIS 17;HOMICIDIO DOLOSO;2022-05-13;20:40:00;Sexta;Arma de fogo;Masculino;25;Ensino Médio Incompleto;Não Informada
Fortaleza;AIS 17;HOMICIDIO DOLOSO;2022-05-13;22:30:00;Sexta;Arma de fogo;Masculino;19;Ensino Médio Completo;Não Informada
Fortaleza;AIS 20;HOMICIDIO DOLOSO;2022-05-14;00:02:00;Sábado;Arma de fogo;Masculino;21;Ensino Médio Incompleto;Não Informada
Fortaleza;AIS 16;HOMICIDIO DOLOSO;2022-05-14;07:56:59;Sábado;Outros meios;Masculino;29;Ensino Fundamental Completo;Não Informada
Fortaleza;AIS 17;HOMICIDIO DOLOSO;2022-05-14;09:15:00;Sábado;Arma de fogo;Masculino;38;Alfabetizado;Não Informada
Fortaleza;AIS 20;HOMICIDIO DOLOSO;2022-05-14;13:56:00;Sábado;Arma de fogo;Masculino;29;Ensino Fundamental Completo;Não Informada
Fortaleza;AIS 18;HOMICIDIO DOLOSO;2022-05-14;15:13:59;Sábado;Arma de fogo;Masculino;45;Alfabetizado;Não Informada
Canindé;AIS 04;HOMICIDIO DOLOSO;2022-05-14;16:00:00;Sábado;Arma de fogo;Feminino;26;Alfabetizado;Não Informada
Fortaleza;AIS 16;HOMICIDIO DOLOSO;2022-05-14;17:44:00;Sábado;Arma de fogo;Masculino;26;Ensino Médio Completo;Não Informada
Fortaleza;AIS 22;HOMICIDIO DOLOSO;2022-05-14;18:20:00;Sábado;Arma de fogo;Masculino;38;Ensino Fundamental Completo;Não Informada
Fortaleza;AIS 20;HOMICIDIO DOLOSO;2022-05-14;18:49:59;Sábado;Arma de fogo;Masculino;17;Ensino Fundamental Incompleto;Não Informada
Tabuleiro do Norte;AIS 01;HOMICIDIO DOLOSO;2022-05-14;18:55:00;Sábado;Arma de fogo;Masculino;32;Ensino Médio Incompleto;Não Informada
Choró;AIS 09;HOMICIDIO DOLOSO;2022-05-14;19:00:00;Sábado;Arma de fogo;Masculino;34;Ensino Médio Completo;Parda
Barbalha;AIS 02;HOMICIDIO DOLOSO;2022-05-14;20:10:00;Sábado;Arma de fogo;Masculino;22;Ensino Fundamental Incompleto;Parda
Itaiçaba;AIS 30;HOMICIDIO DOLOSO;2022-05-14;20:30:00;Sábado;Arma de fogo;Masculino;18;Não Informada;Não Informada
Boa Viagem;AIS 04;HOMICIDIO DOLOSO;2022-05-14;22:30:00;Sábado;Arma de fogo;Masculino;20;Alfabetizado;Parda
Barro;AIS 32;HOMICIDIO DOLOSO;2022-05-15;01:20:00;Domingo;Arma de fogo;Masculino;27;Alfabetizado;Branca
Fortaleza;AIS 16;HOMICIDIO DOLOSO;2022-05-15;03:47:00;Domingo;Arma de fogo;Masculino;21;Ensino Fundamental Incompleto;Não Informada
Fortaleza;AIS 17;HOMICIDIO DOLOSO;2022-05-15;04:20:59;Domingo;Arma de fogo;Masculino;30;Não Informada;Não Informada
Aquiraz;AIS 15;HOMICIDIO DOLOSO;2022-05-15;06:00:00;Domingo;Arma de fogo;Masculino;26;Alfabetizado;Parda
Caucaia;AIS 12;HOMICIDIO DOLOSO;2022-05-15;08:30:00;Domingo;Arma branca;Masculino;33;Ensino Fundamental Incompleto;Não Informada
Icapuí;AIS 30;HOMICIDIO DOLOSO;2022-05-15;13:00:00;Domingo;Arma de fogo;Masculino;30;Alfabetizado;Não Informada
Fortaleza;AIS 20;HOMICIDIO DOLOSO;2022-05-15;13:20:00;Domingo;Arma de fogo;Masculino;37;Ensino Fundamental Completo;Parda
Quixadá;AIS 09;HOMICIDIO DOLOSO;2022-05-15;20:00:00;Domingo;Arma branca;Masculino;42;Alfabetizado;Não Informada
Crateús;AIS 07;HOMICIDIO DOLOSO;2022-05-15;22:49:59;Domingo;Arma branca;Masculino;21;Ensino Fundamental Incompleto;Não Informada
Fortaleza;AIS 20;HOMICIDIO DOLOSO;2022-05-16;03:58:00;Segunda;Arma de fogo;Masculino;21;Alfabetizado;Não Informada
Paracuru;AIS 23;HOMICIDIO DOLOSO;2022-05-16;08:31:00;Segunda;Arma de fogo;Masculino;43;Ensino Fundamental Completo;Não Informada
Forquilha;AIS 03;HOMICIDIO DOLOSO;2022-05-16;13:59:59;Segunda;Arma de fogo;Masculino;22;Alfabetizado;Não Informada
Tamboril;AIS 07;HOMICIDIO DOLOSO;2022-05-16;18:19:59;Segunda;Arma de fogo;Masculino;27;Ensino Médio Completo;Branca
Maracanaú;AIS 14;HOMICIDIO DOLOSO;2022-05-16;20:30:00;Segunda;Arma de fogo;Masculino;20;Ensino Fundamental Completo;Não Informada
Varjota;AIS 07;HOMICIDIO DOLOSO;2022-05-17;00:00:00;Terça;Arma de fogo;Masculino;20;Alfabetizado;Parda
Fortaleza;AIS 17;HOMICIDIO DOLOSO;2022-05-17;00:30:00;Terça;Arma branca;Feminino;28;Alfabetizado;Não Informada
Fortaleza;AIS 20;HOMICIDIO DOLOSO;2022-05-17;12:20:00;Terça;Arma de fogo;Masculino;24;Alfabetizado;Parda
Fortaleza;AIS 16;HOMICIDIO DOLOSO;2022-05-17;15:15:59;Terça;Arma de fogo;Masculino;26;Alfabetizado;Parda
Caucaia;AIS 12;HOMICIDIO DOLOSO;2022-05-17;17:30:00;Terça;Arma de fogo;Masculino;43;Ensino Fundamental Completo;Não Informada
Alto Santo;AIS 31;HOMICIDIO DOLOSO;2022-05-17;18:49:59;Terça;Arma de fogo;Masculino;45;Ensino Fundamental Incompleto;Não Informada
Forquilha;AIS 03;HOMICIDIO DOLOSO;2022-05-17;19:00:00;Terça;Arma de fogo;Masculino;16;Não Informada;Não Informada
Tabuleiro do Norte;AIS 01;HOMICIDIO DOLOSO;2022-05-17;22:00:00;Terça;Arma de fogo;Masculino;37;Não Informada;Não Informada
Trairi;AIS 23;HOMICIDIO DOLOSO;2022-05-18;01:30:00;Quarta;Arma de fogo;Masculino;46;Não Alfabetizado;Não Informada
Trairi;AIS 23;HOMICIDIO DOLOSO;2022-05-18;01:30:00;Quarta;Arma de fogo;Masculino;19;Ensino Médio Incompleto;Não Informada
Fortaleza;AIS 16;HOMICIDIO DOLOSO;2022-05-18;05:54:00;Quarta;Arma de fogo;Masculino;36;Alfabetizado;Não Informada
Russas;AIS 01;HOMICIDIO DOLOSO;2022-05-18;07:01:00;Quarta;Arma de fogo;Masculino;20;Ensino Fundamental Incompleto;Não Informada
Fortaleza;AIS 19;HOMICIDIO DOLOSO;2022-05-18;09:00:00;Quarta;Arma de fogo;Masculino;43;Superior Completo;Não Informada
Fortaleza;AIS 19;HOMICIDIO DOLOSO;2022-05-18;09:00:00;Quarta;Arma de fogo;Masculino;52;Superior Incompleto;Não Informada
Caucaia;AIS 26;HOMICIDIO DOLOSO;2022-05-18;11:30:00;Quarta;Arma de fogo;Masculino;22;Ensino Médio Completo;Branca
Fortaleza;AIS 19;HOMICIDIO DOLOSO;2022-05-18;16:30:00;Quarta;Arma de fogo;Masculino;31;Ensino Fundamental Completo;Não Informada
Fortaleza;AIS 19;HOMICIDIO DOLOSO;2022-05-18;16:30:00;Quarta;Arma de fogo;Masculino;30;Ensino Fundamental Incompleto;Não Informada
Fortaleza;AIS 19;HOMICIDIO DOLOSO;2022-05-18;16:30:00;Quarta;Arma de fogo;Masculino;58;Ensino Fundamental Incompleto;Não Informada
Fortaleza;AIS 19;HOMICIDIO DOLOSO;2022-05-18;19:59:59;Quarta;Arma de fogo;Masculino;23;Ensino Fundamental Incompleto;Não Informada
Fortaleza;AIS 17;HOMICIDIO DOLOSO;2022-05-18;22:00:00;Quarta;Outros meios;Masculino;32;Ensino Fundamental Incompleto;Não Informada
Caucaia;AIS 26;LESAO CORPORAL SEGUIDA DE MORTE;2022-05-18;22:32:00;Quarta;Arma branca;Feminino;55;Não Alfabetizado;Não Informada
Trairi;AIS 23;HOMICIDIO DOLOSO;2022-05-19;10:00:00;Quinta;Arma de fogo;Masculino;15;Não Alfabetizado;Não Informada
Fortaleza;AIS 21;HOMICIDIO DOLOSO;2022-05-19;10:11:59;Quinta;Arma branca;Feminino;61;Ensino Médio Completo;Branca
Cascavel;AIS 15;HOMICIDIO DOLOSO;2022-05-19;19:20:00;Quinta;Arma de fogo;Feminino;17;Ensino Médio Completo;Não Informada
Maracanaú;AIS 14;HOMICIDIO DOLOSO;2022-05-20;01:00:00;Sexta;Arma de fogo;Masculino;27;Alfabetizado;Parda
Redenção;AIS 29;HOMICIDIO DOLOSO;2022-05-20;04:00:00;Sexta;Arma de fogo;Masculino;34;Alfabetizado;Não Informada
Tianguá;AIS 27;HOMICIDIO DOLOSO;2022-05-20;04:00:00;Sexta;Arma de fogo;Masculino;24;Ensino Médio Incompleto;Não Informada
Fortaleza;AIS 21;HOMICIDIO DOLOSO;2022-05-20;17:30:00;Sexta;Arma de fogo;Masculino;29;Ensino Fundamental Incompleto;Não Informada
Iracema;AIS 31;HOMICIDIO DOLOSO;2022-05-20;22:00:00;Sexta;Arma de fogo;Masculino;21;Ensino Médio Completo;Não Informada
Hidrolândia;AIS 07;HOMICIDIO DOLOSO;2022-05-20;22:00:00;Sexta;Arma branca;Masculino;23;Alfabetizado;Não Informada
Paramoti;AIS 04;HOMICIDIO DOLOSO;2022-05-21;01:59:59;Sábado;Arma de fogo;Masculino;15;Alfabetizado;Não Informada
Maracanaú;AIS 14;HOMICIDIO DOLOSO;2022-05-21;03:29:59;Sábado;Arma de fogo;Feminino;40;Ensino Médio Completo;Não Informada
Caucaia;AIS 26;HOMICIDIO DOLOSO;2022-05-21;06:00:00;Sábado;Arma de fogo;Masculino;54;Alfabetizado;Parda
Frecheirinha;AIS 03;HOMICIDIO DOLOSO;2022-05-21;16:30:00;Sábado;Arma de fogo;Masculino;12;Ensino Fundamental Incompleto;Parda
Iguatu;AIS 10;HOMICIDIO DOLOSO;2022-05-21;16:30:00;Sábado;Arma de fogo;Masculino;20;Ensino Fundamental Incompleto;Não Informada
Sobral;AIS 03;HOMICIDIO DOLOSO;2022-05-21;17:19:59;Sábado;Arma branca;Masculino;42;Alfabetizado;Parda
Alto Santo;AIS 31;HOMICIDIO DOLOSO;2022-05-21;21:00:00;Sábado;Arma de fogo;Masculino;55;Alfabetizado;Parda
Fortaleza;AIS 16;HOMICIDIO DOLOSO;2022-05-21;23:10:00;Sábado;Arma de fogo;Masculino;45;Alfabetizado;Não Informada
Acopiara;AIS 10;HOMICIDIO DOLOSO;2022-05-21;23:19:59;Sábado;Arma de fogo;Masculino;63;Não Alfabetizado;Não Informada
Ubajara;AIS 27;HOMICIDIO DOLOSO;2022-05-22;00:30:00;Domingo;Arma de fogo;Masculino;25;Ensino Fundamental Incompleto;Parda
Maracanaú;AIS 14;HOMICIDIO DOLOSO;2022-05-22;00:55:00;Domingo;Arma de fogo;Masculino;29;Ensino Fundamental Incompleto;Não Informada
Acopiara;AIS 10;HOMICIDIO DOLOSO;2022-05-22;04:00:00;Domingo;Arma de fogo;Masculino;25;Não Informada;Não Informada
Maracanaú;AIS 14;HOMICIDIO DOLOSO;2022-05-22;04:30:00;Domingo;Arma de fogo;Masculino;15;Ensino Fundamental Incompleto;Não Informada
Maracanaú;AIS 14;HOMICIDIO DOLOSO;2022-05-22;07:27:00;Domingo;Arma de fogo;Masculino;20;Ensino Fundamental Incompleto;Não Informada
Caucaia;AIS 12;HOMICIDIO DOLOSO;2022-05-22;10:00:00;Domingo;Arma de fogo;Masculino;50;Não Alfabetizado;Não Informada
Banabuiú;AIS 09;HOMICIDIO DOLOSO;2022-05-22;11:15:00;Domingo;Arma de fogo;Masculino;54;Não Informada;Não Informada
Iguatu;AIS 10;HOMICIDIO DOLOSO;2022-05-22;12:15:00;Domingo;Arma de fogo;Feminino;62;Não Alfabetizado;Parda
Iguatu;AIS 10;HOMICIDIO DOLOSO;2022-05-22;12:15:00;Domingo;Arma de fogo;Masculino;52;Ensino Médio Completo;Não Informada
Sobral;AIS 03;HOMICIDIO DOLOSO;2022-05-22;13:59:59;Domingo;Arma branca;Masculino;21;Alfabetizado;Não Informada
Caucaia;AIS 26;HOMICIDIO DOLOSO;2022-05-22;15:34:00;Domingo;Arma branca;Masculino;39;Ensino Fundamental Incompleto;Não Informada
Fortaleza;AIS 20;HOMICIDIO DOLOSO;2022-05-22;18:00:00;Domingo;Arma de fogo;Feminino;54;Alfabetizado;Parda
Fortaleza;AIS 22;HOMICIDIO DOLOSO;2022-05-22;18:00:00;Domingo;Arma de fogo;Masculino;28;Não Informada;Não Informada
Fortaleza;AIS 20;HOMICIDIO DOLOSO;2022-05-22;18:00:00;Domingo;Arma de fogo;Masculino;31;Ensino Médio Incompleto;Não Informada
Trairi;AIS 23;HOMICIDIO DOLOSO;2022-05-22;18:30:00;Domingo;Arma de fogo;Masculino;41;Não Alfabetizado;Parda
Caucaia;AIS 26;HOMICIDIO DOLOSO;2022-05-22;19:30:00;Domingo;Arma branca;Masculino;33;Não Alfabetizado;Parda
Fortaleza;AIS 21;HOMICIDIO DOLOSO;2022-05-23;00:09:59;Segunda;Arma de fogo;Feminino;39;Alfabetizado;Parda
Pacajus;AIS 25;HOMICIDIO DOLOSO;2022-05-23;08:30:00;Segunda;Outros meios;Masculino;Não Informada;Não Informada;Não Informada
Monsenhor Tabosa;AIS 07;HOMICIDIO DOLOSO;2022-05-23;09:49:59;Segunda;Arma de fogo;Masculino;40;Não Informada;Parda
Caucaia;AIS 12;HOMICIDIO DOLOSO;2022-05-23;09:56:59;Segunda;Arma de fogo;Masculino;Não Informada;Não Informada;Não Informada
Tabuleiro do Norte;AIS 01;FEMINICÍDIO;2022-05-24;04:30:00;Terça;Arma de fogo;Feminino;27;Ensino Médio Incompleto;Não Informada
Monsenhor Tabosa;AIS 07;HOMICIDIO DOLOSO;2022-05-24;06:00:00;Terça;Arma de fogo;Masculino;12;Alfabetizado;Parda
Monsenhor Tabosa;AIS 07;HOMICIDIO DOLOSO;2022-05-24;06:00:00;Terça;Arma de fogo;Masculino;14;Ensino Fundamental Incompleto;Não Informada
Monsenhor Tabosa;AIS 07;HOMICIDIO DOLOSO;2022-05-24;06:00:00;Terça;Arma de fogo;Masculino;70;Alfabetizado;Não Informada
Monsenhor Tabosa;AIS 07;HOMICIDIO DOLOSO;2022-05-24;06:00:00;Terça;Arma de fogo;Masculino;40;Não Informada;Não Informada
Iracema;AIS 31;HOMICIDIO DOLOSO;2022-05-24;13:30:00;Terça;Arma de fogo;Masculino;47;Alfabetizado;Não Informada
Sobral;AIS 03;HOMICIDIO DOLOSO;2022-05-24;20:00:00;Terça;Arma de fogo;Feminino;18;Alfabetizado;Parda
Limoeiro do Norte;AIS 01;HOMICIDIO DOLOSO;2022-05-24;21:25:00;Terça;Arma de fogo;Masculino;35;Não Informada;Não Informada
Horizonte;AIS 25;HOMICIDIO DOLOSO;2022-05-24;21:30:00;Terça;Arma de fogo;Masculino;22;Ensino Fundamental Incompleto;Não Informada
Caucaia;AIS 12;HOMICIDIO DOLOSO;2022-05-25;01:30:00;Quarta;Arma de fogo;Masculino;24;Ensino Fundamental Incompleto;Não Informada
Jaguaribe;AIS 31;HOMICIDIO DOLOSO;2022-05-25;02:40:00;Quarta;Arma de fogo;Masculino;22;Alfabetizado;Parda
Camocim;AIS 28;HOMICIDIO DOLOSO;2022-05-25;09:29:59;Quarta;Arma de fogo;Masculino;24;Alfabetizado;Parda
Fortaleza;AIS 18;HOMICIDIO DOLOSO;2022-05-25;09:29:59;Quarta;Arma de fogo;Masculino;34;Ensino Fundamental Incompleto;Não Informada
Paramoti;AIS 04;HOMICIDIO DOLOSO;2022-05-25;14:00:00;Quarta;Arma de fogo;Masculino;27;Alfabetizado;Preta
Tianguá;AIS 27;HOMICIDIO DOLOSO;2022-05-25;15:00:00;Quarta;Arma de fogo;Masculino;28;Alfabetizado;Amarela
Morada Nova;AIS 09;HOMICIDIO DOLOSO;2022-05-25;17:15:00;Quarta;Outros meios;Masculino;46;Ensino Fundamental Incompleto;Não Informada
Fortaleza;AIS 19;HOMICIDIO DOLOSO;2022-05-25;20:38:00;Quarta;Arma de fogo;Masculino;32;Ensino Fundamental Completo;Branca
Fortaleza;AIS 05;HOMICIDIO DOLOSO;2022-05-25;21:07:00;Quarta;Arma de fogo;Masculino;17;Ensino Fundamental Incompleto;Não Informada
Iguatu;AIS 10;HOMICIDIO DOLOSO;2022-05-26;10:30:00;Quinta;Arma de fogo;Masculino;43;Não Informada;Não Informada
Fortaleza;AIS 19;HOMICIDIO DOLOSO;2022-05-26;11:30:00;Quinta;Arma de fogo;Masculino;33;Ensino Médio Incompleto;Não Informada
Aracati;AIS 30;ROUBO SEGUIDO DE MORTE (LATROCINIO);2022-05-26;12:30:00;Quinta;Arma de fogo;Masculino;66;Alfabetizado;Não Informada
Fortaleza;AIS 18;HOMICIDIO DOLOSO;2022-05-26;15:35:59;Quinta;Arma de fogo;Masculino;22;Alfabetizado;Não Informada
Fortaleza;AIS 20;HOMICIDIO DOLOSO;2022-05-26;18:29:59;Quinta;Arma de fogo;Masculino;28;Ensino Fundamental Incompleto;Não Informada
Eusébio;AIS 15;HOMICIDIO DOLOSO;2022-05-26;19:00:00;Quinta;Arma de fogo;Masculino;26;Ensino Fundamental Incompleto;Não Informada
Fortaleza;AIS 18;HOMICIDIO DOLOSO;2022-05-27;08:39:59;Sexta;Arma de fogo;Masculino;28;Ensino Médio Completo;Não Informada
São Gonçalo do Amarante;AIS 23;HOMICIDIO DOLOSO;2022-05-27;15:30:00;Sexta;Arma de fogo;Masculino;19;Ensino Médio Completo;Parda
Russas;AIS 01;HOMICIDIO DOLOSO;2022-05-27;17:30:00;Sexta;Arma branca;Masculino;60;Não Alfabetizado;Não Informada
Limoeiro do Norte;AIS 01;HOMICIDIO DOLOSO;2022-05-27;18:40:00;Sexta;Outros meios;Masculino;85;Não Alfabetizado;Não Informada
Viçosa do Ceará;AIS 27;HOMICIDIO DOLOSO;2022-05-28;04:59:59;Sábado;Arma de fogo;Masculino;35;Ensino Médio Incompleto;Não Informada
Fortaleza;AIS 17;HOMICIDIO DOLOSO;2022-05-28;07:54:00;Sábado;Arma de fogo;Masculino;27;Ensino Fundamental Incompleto;Não Informada
Fortaleza;AIS 18;HOMICIDIO DOLOSO;2022-05-28;13:28:00;Sábado;Arma de fogo;Masculino;23;Não Informada;Não Informada
Tabuleiro do Norte;AIS 01;HOMICIDIO DOLOSO;2022-05-28;16:00:00;Sábado;Arma de fogo;Masculino;38;Ensino Fundamental Completo;Não Informada
São Benedito;AIS 27;HOMICIDIO DOLOSO;2022-05-29;00:00:00;Domingo;Arma de fogo;Feminino;44;Não Informada;Não Informada
Canindé;AIS 04;HOMICIDIO DOLOSO;2022-05-29;00:30:00;Domingo;Arma de fogo;Masculino;23;Ensino Fundamental Completo;Não Informada
Fortaleza;AIS 16;HOMICIDIO DOLOSO;2022-05-29;00:30:00;Domingo;Arma de fogo;Masculino;33;Não Informada;Não Informada
Fortaleza;AIS 08;HOMICIDIO DOLOSO;2022-05-29;02:19:59;Domingo;Arma de fogo;Masculino;37;Ensino Médio Completo;Parda
Crateús;AIS 07;HOMICIDIO DOLOSO;2022-05-29;04:00:00;Domingo;Arma de fogo;Masculino;17;Ensino Médio Incompleto;Não Informada
Juazeiro do Norte;AIS 02;HOMICIDIO DOLOSO;2022-05-29;09:30:00;Domingo;Arma de fogo;Masculino;19;Ensino Fundamental Incompleto;Não Informada
Coreaú;AIS 03;HOMICIDIO DOLOSO;2022-05-29;10:30:00;Domingo;Arma de fogo;Masculino;24;Alfabetizado;Não Informada
Fortaleza;AIS 05;HOMICIDIO DOLOSO;2022-05-29;17:19:59;Domingo;Arma de fogo;Masculino;22;Ensino Fundamental Completo;Não Informada
Pacatuba;AIS 24;HOMICIDIO DOLOSO;2022-05-29;17:20:59;Domingo;Arma de fogo;Masculino;47;Não Informada;Não Informada
Beberibe;AIS 30;HOMICIDIO DOLOSO;2022-05-29;17:30:00;Domingo;Arma de fogo;Masculino;27;Ensino Fundamental Incompleto;Não Informada
Iguatu;AIS 10;HOMICIDIO DOLOSO;2022-05-29;18:00:00;Domingo;Arma de fogo;Masculino;26;Ensino Fundamental Incompleto;Parda
Iguatu;AIS 10;HOMICIDIO DOLOSO;2022-05-29;21:40:00;Domingo;Arma de fogo;Masculino;47;Ensino Fundamental Incompleto;Não Informada
Capistrano;AIS 29;HOMICIDIO DOLOSO;2022-05-30;00:29:59;Segunda;Arma de fogo;Masculino;27;Ensino Médio Incompleto;Não Informada
Fortaleza;AIS 20;HOMICIDIO DOLOSO;2022-05-30;00:33:00;Segunda;Arma de fogo;Masculino;25;Alfabetizado;Não Informada
Santana do Acaraú;AIS 03;HOMICIDIO DOLOSO;2022-05-30;01:59:59;Segunda;Arma branca;Masculino;22;Ensino Fundamental Incompleto;Parda
Fortaleza;AIS 08;HOMICIDIO DOLOSO;2022-05-30;07:00:00;Segunda;Outros meios;Masculino;18;Ensino Médio Completo;Não Informada
Fortaleza;AIS 19;HOMICIDIO DOLOSO;2022-05-30;10:16:00;Segunda;Arma de fogo;Masculino;Não Informada;Não Informada;Não Informada
General Sampaio;AIS 11;HOMICIDIO DOLOSO;2022-05-30;10:30:00;Segunda;Arma de fogo;Masculino;26;Alfabetizado;Não Informada
Crato;AIS 02;HOMICIDIO DOLOSO;2022-05-30;12:00:00;Segunda;Arma de fogo;Masculino;33;Alfabetizado;Parda
Fortaleza;AIS 19;HOMICIDIO DOLOSO;2022-05-30;12:30:00;Segunda;Arma de fogo;Masculino;39;Ensino Médio Completo;Não Informada
Itapiúna;AIS 29;HOMICIDIO DOLOSO;2022-05-30;13:00:00;Segunda;Arma de fogo;Masculino;Não Informada;Não Informada;Não Informada
Fortaleza;AIS 20;HOMICIDIO DOLOSO;2022-05-30;17:10:00;Segunda;Arma de fogo;Masculino;29;Ensino Médio Completo;Não Informada
Crato;AIS 02;HOMICIDIO DOLOSO;2022-05-30;22:23:59;Segunda;Arma branca;Masculino;37;Alfabetizado;Parda
Ubajara;AIS 27;HOMICIDIO DOLOSO;2022-05-30;23:40:00;Segunda;Outros meios;Masculino;32;Não Informada;Não Informada
Quixeramobim;AIS 09;HOMICIDIO DOLOSO;2022-05-31;12:40:00;Terça;Arma de fogo;Masculino;51;Alfabetizado;Não Informada
Fortaleza;AIS 16;HOMICIDIO DOLOSO;2022-05-31;13:34:59;Terça;Arma de fogo;Masculino;27;Ensino Fundamental Incompleto;Não Informada
Fortaleza;AIS 20;HOMICIDIO DOLOSO;2022-05-31;20:39:00;Terça;Arma de fogo;Masculino;27;Não Informada;Não Informada
Maracanaú;AIS 14;HOMICIDIO DOLOSO;2022-05-31;20:44:59;Terça;Arma de fogo;Masculino;17;Não Informada;Não Informada
Trairi;AIS 23;HOMICIDIO DOLOSO;2022-05-31;23:30:00;Terça;Arma de fogo;Masculino;25;Não Informada;Parda
Limoeiro do Norte;AIS 01;HOMICIDIO DOLOSO;2022-06-01;07:10:00;Quarta;Arma de fogo;Masculino;45;Alfabetizado;Não Informada
Fortaleza;AIS 16;HOMICIDIO DOLOSO;2022-06-01;14:56:00;Quarta;Arma de fogo;Masculino;22;Ensino Médio Completo;Não Informada
São Benedito;AIS 27;HOMICIDIO DOLOSO;2022-06-01;15:29:59;Quarta;Arma branca;Feminino;33;Não Informada;Não Informada
Maracanaú;AIS 14;HOMICIDIO DOLOSO;2022-06-01;18:00:00;Quarta;Arma de fogo;Masculino;19;Ensino Fundamental Incompleto;Não Informada
Trairi;AIS 23;HOMICIDIO DOLOSO;2022-06-02;10:00:00;Quinta;Arma de fogo;Masculino;26;Ensino Fundamental Completo;Não Informada
Fortaleza;AIS 06;HOMICIDIO DOLOSO;2022-06-02;10:30:00;Quinta;Arma de fogo;Masculino;39;Ensino Fundamental Incompleto;Não Informada
Fortaleza;AIS 05;HOMICIDIO DOLOSO;2022-06-02;19:30:00;Quinta;Arma de fogo;Masculino;25;Ensino Médio Incompleto;Não Informada
Farias Brito;AIS 02;HOMICIDIO DOLOSO;2022-06-03;04:59:59;Sexta;Arma de fogo;Masculino;52;Alfabetizado;Não Informada
Fortaleza;AIS 18;HOMICIDIO DOLOSO;2022-06-03;05:39:00;Sexta;Arma branca;Masculino;20;Ensino Fundamental Incompleto;Não Informada
Amontada;AIS 11;HOMICIDIO DOLOSO;2022-06-03;15:00:00;Sexta;Arma branca;Masculino;57;Não Alfabetizado;Não Informada
Sobral;AIS 03;HOMICIDIO DOLOSO;2022-06-03;15:30:00;Sexta;Arma de fogo;Masculino;27;Ensino Fundamental Completo;Preta
Coreaú;AIS 03;HOMICIDIO DOLOSO;2022-06-03;20:00:00;Sexta;Arma branca;Masculino;43;Alfabetizado;Não Informada
Maracanaú;AIS 14;HOMICIDIO DOLOSO;2022-06-03;21:13:00;Sexta;Arma de fogo;Masculino;Não Informada;Não Informada;Não Informada
Fortaleza;AIS 18;HOMICIDIO DOLOSO;2022-06-04;02:24:59;Sábado;Arma de fogo;Masculino;Não Informada;Não Informada;Não Informada
Cascavel;AIS 15;HOMICIDIO DOLOSO;2022-06-04;05:00:00;Sábado;Arma de fogo;Masculino;28;Alfabetizado;Não Informada
Cascavel;AIS 15;HOMICIDIO DOLOSO;2022-06-04;05:00:00;Sábado;Arma de fogo;Masculino;22;Não Informada;Não Informada
Senador Pompeu;AIS 09;HOMICIDIO DOLOSO;2022-06-04;06:29:59;Sábado;Arma de fogo;Masculino;66;Alfabetizado;Não Informada
Fortaleza;AIS 21;HOMICIDIO DOLOSO;2022-06-04;15:52:00;Sábado;Arma de fogo;Masculino;38;Ensino Médio Completo;Não Informada
Sobral;AIS 03;HOMICIDIO DOLOSO;2022-06-04;18:00:00;Sábado;Arma branca;Masculino;49;Não Alfabetizado;Não Informada
Amontada;AIS 11;HOMICIDIO DOLOSO;2022-06-04;18:59:00;Sábado;Arma de fogo;Masculino;26;Alfabetizado;Não Informada
Fortaleza;AIS 22;HOMICIDIO DOLOSO;2022-06-04;20:30:00;Sábado;Arma de fogo;Masculino;23;Ensino Fundamental Incompleto;Não Informada
Pacatuba;AIS 24;HOMICIDIO DOLOSO;2022-06-04;23:12:00;Sábado;Arma de fogo;Masculino;24;Ensino Fundamental Incompleto;Parda
Crato;AIS 02;HOMICIDIO DOLOSO;2022-06-04;23:45:00;Sábado;Arma de fogo;Masculino;36;Ensino Médio Completo;Preta
Pacajus;AIS 25;HOMICIDIO DOLOSO;2022-06-04;23:45:00;Sábado;Arma branca;Masculino;33;Ensino Fundamental Incompleto;Não Informada
Fortaleza;AIS 05;HOMICIDIO DOLOSO;2022-06-05;04:30:00;Domingo;Arma de fogo;Masculino;28;Alfabetizado;Não Informada
Jardim;AIS 02;HOMICIDIO DOLOSO;2022-06-05;09:00:00;Domingo;Arma de fogo;Masculino;37;Alfabetizado;Parda
Fortaleza;AIS 22;HOMICIDIO DOLOSO;2022-06-05;13:30:00;Domingo;Outros meios;Masculino;19;Ensino Fundamental Incompleto;Não Informada
Redenção;AIS 29;HOMICIDIO DOLOSO;2022-06-05;14:00:00;Domingo;Arma de fogo;Masculino;34;Ensino Fundamental Completo;Não Informada
Russas;AIS 01;HOMICIDIO DOLOSO;2022-06-05;15:00:00;Domingo;Arma de fogo;Masculino;35;Ensino Fundamental Incompleto;Parda
Tururu;AIS 11;HOMICIDIO DOLOSO;2022-06-05;15:00:00;Domingo;Arma de fogo;Masculino;20;Alfabetizado;Não Informada
Frecheirinha;AIS 03;HOMICIDIO DOLOSO;2022-06-05;16:59:59;Domingo;Arma de fogo;Masculino;19;Alfabetizado;Parda
Brejo Santo;AIS 32;HOMICIDIO DOLOSO;2022-06-05;18:00:00;Domingo;Arma de fogo;Masculino;28;Ensino Fundamental Incompleto;Parda
Fortaleza;AIS 16;HOMICIDIO DOLOSO;2022-06-05;21:20:00;Domingo;Arma de fogo;Masculino;22;Ensino Fundamental Incompleto;Parda
Itaitinga;AIS 25;HOMICIDIO DOLOSO;2022-06-05;21:30:00;Domingo;Arma de fogo;Masculino;23;Ensino Fundamental Incompleto;Parda
Itaitinga;AIS 25;HOMICIDIO DOLOSO;2022-06-05;22:36:00;Domingo;Arma de fogo;Masculino;25;Ensino Fundamental Completo;Não Informada
Jucás;AIS 10;HOMICIDIO DOLOSO;2022-06-06;01:39:00;Segunda;Arma de fogo;Masculino;16;Alfabetizado;Não Informada
Solonópole;AIS 09;HOMICIDIO DOLOSO;2022-06-06;04:30:00;Segunda;Outros meios;Masculino;83;Alfabetizado;Não Informada
Eusébio;AIS 15;ROUBO SEGUIDO DE MORTE (LATROCINIO);2022-06-06;06:49:59;Segunda;Arma de fogo;Masculino;48;Alfabetizado;Não Informada
Fortaleza;AIS 06;HOMICIDIO DOLOSO;2022-06-06;11:30:00;Segunda;Arma de fogo;Masculino;31;Ensino Fundamental Incompleto;Parda
Aquiraz;AIS 15;HOMICIDIO DOLOSO;2022-06-06;12:47:00;Segunda;Arma de fogo;Masculino;42;Ensino Fundamental Incompleto;Não Informada
Sobral;AIS 03;HOMICIDIO DOLOSO;2022-06-06;13:09:59;Segunda;Arma de fogo;Masculino;20;Alfabetizado;Não Informada
Fortaleza;AIS 21;HOMICIDIO DOLOSO;2022-06-06;14:57:00;Segunda;Arma de fogo;Masculino;22;Alfabetizado;Parda
Aracati;AIS 30;HOMICIDIO DOLOSO;2022-06-06;19:30:00;Segunda;Arma de fogo;Masculino;28;Ensino Fundamental Incompleto;Não Informada
Fortaleza;AIS 18;HOMICIDIO DOLOSO;2022-06-06;21:40:00;Segunda;Arma de fogo;Masculino;18;Ensino Médio Incompleto;Parda
Maracanaú;AIS 14;HOMICIDIO DOLOSO;2022-06-07;01:00:00;Terça;Arma de fogo;Masculino;47;Ensino Médio Completo;Não Informada
Caucaia;AIS 26;HOMICIDIO DOLOSO;2022-06-07;01:59:59;Terça;Arma de fogo;Masculino;53;Ensino Fundamental Incompleto;Parda
Crato;AIS 02;HOMICIDIO DOLOSO;2022-06-07;02:30:00;Terça;Arma de fogo;Masculino;23;Alfabetizado;Parda
Maracanaú;AIS 14;HOMICIDIO DOLOSO;2022-06-07;06:13:59;Terça;Arma de fogo;Masculino;23;Ensino Fundamental Incompleto;Não Informada
Crateús;AIS 07;HOMICIDIO DOLOSO;2022-06-07;11:30:00;Terça;Arma branca;Feminino;41;Ensino Médio Incompleto;Não Informada
Pacatuba;AIS 24;HOMICIDIO DOLOSO;2022-06-07;11:39:00;Terça;Arma de fogo;Feminino;22;Alfabetizado;Parda
Tianguá;AIS 27;HOMICIDIO DOLOSO;2022-06-07;14:35:00;Terça;Arma de fogo;Masculino;26;Alfabetizado;Parda
Fortaleza;AIS 16;HOMICIDIO DOLOSO;2022-06-07;17:39:59;Terça;Arma de fogo;Masculino;18;Ensino Médio Completo;Não Informada
Choró;AIS 09;HOMICIDIO DOLOSO;2022-06-07;19:00:00;Terça;Arma de fogo;Masculino;37;Não Informada;Não Informada
Fortaleza;AIS 06;ROUBO SEGUIDO DE MORTE (LATROCINIO);2022-06-07;19:59:59;Terça;Arma de fogo;Masculino;63;Ensino Médio Completo;Não Informada
Juazeiro do Norte;AIS 02;HOMICIDIO DOLOSO;2022-06-07;20:00:00;Terça;Arma de fogo;Masculino;45;Não Alfabetizado;Não Informada
Cascavel;AIS 15;HOMICIDIO DOLOSO;2022-06-08;07:00:00;Quarta;Arma de fogo;Masculino;33;Alfabetizado;Não Informada
Caucaia;AIS 26;HOMICIDIO DOLOSO;2022-06-08;12:29:59;Quarta;Outros meios;Masculino;18;Ensino Fundamental Incompleto;Não Informada
Jijoca de Jericoacoara;AIS 11;HOMICIDIO DOLOSO;2022-06-08;21:00:00;Quarta;Arma de fogo;Masculino;43;Ensino Fundamental Incompleto;Parda
Madalena;AIS 04;HOMICIDIO DOLOSO;2022-06-09;10:49:59;Quinta;Arma de fogo;Masculino;24;Ensino Médio Completo;Não Informada
Crato;AIS 02;HOMICIDIO DOLOSO;2022-06-09;20:34:59;Quinta;Arma de fogo;Masculino;43;Ensino Médio Completo;Branca
Maranguape;AIS 24;HOMICIDIO DOLOSO;2022-06-09;20:44:59;Quinta;Arma de fogo;Feminino;22;Ensino Fundamental Incompleto;Parda
Caucaia;AIS 26;HOMICIDIO DOLOSO;2022-06-10;13:09:59;Sexta;Arma de fogo;Masculino;20;Não Informada;Parda
Independência;AIS 07;HOMICIDIO DOLOSO;2022-06-10;15:40:00;Sexta;Arma branca;Masculino;66;Não Alfabetizado;Não Informada
Trairi;AIS 23;HOMICIDIO DOLOSO;2022-06-10;16:15:00;Sexta;Arma de fogo;Masculino;24;Ensino Médio Completo;Não Informada
Fortaleza;AIS 20;HOMICIDIO DOLOSO;2022-06-10;16:45:00;Sexta;Arma de fogo;Masculino;26;Alfabetizado;Não Informada
Tejuçuoca;AIS 11;HOMICIDIO DOLOSO;2022-06-10;18:00:00;Sexta;Arma de fogo;Masculino;21;Ensino Médio Completo;Não Informada
Fortaleza;AIS 16;HOMICIDIO DOLOSO;2022-06-10;19:00:00;Sexta;Arma de fogo;Masculino;22;Não Informada;Parda
Fortaleza;AIS 19;HOMICIDIO DOLOSO;2022-06-10;20:22:00;Sexta;Arma de fogo;Masculino;27;Ensino Fundamental Incompleto;Parda
Maracanaú;AIS 14;HOMICIDIO DOLOSO;2022-06-10;22:50:00;Sexta;Arma de fogo;Feminino;35;Ensino Médio Completo;Não Informada
Fortaleza;AIS 19;HOMICIDIO DOLOSO;2022-06-11;01:30:00;Sábado;Arma de fogo;Masculino;36;Ensino Fundamental Incompleto;Não Informada
Ocara;AIS 29;HOMICIDIO DOLOSO;2022-06-11;18:00:00;Sábado;Arma de fogo;Masculino;34;Alfabetizado;Amarela
Fortaleza;AIS 17;HOMICIDIO DOLOSO;2022-06-11;23:30:00;Sábado;Arma de fogo;Masculino;26;Alfabetizado;Não Informada
Crato;AIS 02;HOMICIDIO DOLOSO;2022-06-12;03:30:00;Domingo;Arma de fogo;Masculino;38;Ensino Fundamental Incompleto;Não Informada
Fortaleza;AIS 19;HOMICIDIO DOLOSO;2022-06-12;04:41:00;Domingo;Arma de fogo;Masculino;26;Ensino Fundamental Incompleto;Não Informada
Fortaleza;AIS 18;LESAO CORPORAL SEGUIDA DE MORTE;2022-06-12;05:00:00;Domingo;Outros meios;Masculino;35;Alfabetizado;Não Informada
Tauá;AIS 13;HOMICIDIO DOLOSO;2022-06-12;09:00:59;Domingo;Arma branca;Masculino;42;Alfabetizado;Parda
Cascavel;AIS 15;HOMICIDIO DOLOSO;2022-06-12;14:30:00;Domingo;Arma de fogo;Masculino;34;Ensino Fundamental Incompleto;Não Informada
Fortaleza;AIS 17;HOMICIDIO DOLOSO;2022-06-12;16:30:00;Domingo;Arma de fogo;Masculino;43;Alfabetizado;Não Informada
Quixadá;AIS 09;HOMICIDIO DOLOSO;2022-06-12;21:00:00;Domingo;Arma branca;Masculino;37;Alfabetizado;Não Informada
Maracanaú;AIS 14;HOMICIDIO DOLOSO;2022-06-13;00:17:00;Segunda;Arma de fogo;Masculino;21;Alfabetizado;Parda
Umirim;AIS 11;HOMICIDIO DOLOSO;2022-06-13;07:00:00;Segunda;Arma de fogo;Masculino;24;Ensino Médio Incompleto;Não Informada
Paracuru;AIS 23;HOMICIDIO DOLOSO;2022-06-13;14:00:00;Segunda;Arma branca;Masculino;37;Não Alfabetizado;Não Informada
Alto Santo;AIS 31;HOMICIDIO DOLOSO;2022-06-13;15:00:00;Segunda;Arma de fogo;Feminino;22;Ensino Médio Completo;Parda
Alto Santo;AIS 31;HOMICIDIO DOLOSO;2022-06-13;15:00:00;Segunda;Arma de fogo;Masculino;36;Ensino Fundamental Incompleto;Não Informada
Maracanaú;AIS 14;HOMICIDIO DOLOSO;2022-06-13;17:37:59;Segunda;Arma de fogo;Masculino;34;Ensino Fundamental Incompleto;Não Informada
Maracanaú;AIS 14;HOMICIDIO DOLOSO;2022-06-13;17:44:59;Segunda;Arma de fogo;Masculino;24;Ensino Fundamental Completo;Parda
Fortaleza;AIS 16;HOMICIDIO DOLOSO;2022-06-13;18:29:00;Segunda;Arma de fogo;Masculino;14;Ensino Fundamental Incompleto;Não Informada
Cruz;AIS 11;HOMICIDIO DOLOSO;2022-06-14;01:14:59;Terça;Arma de fogo;Masculino;64;Alfabetizado;Não Informada
Fortaleza;AIS 06;ROUBO SEGUIDO DE MORTE (LATROCINIO);2022-06-14;04:54:00;Terça;Arma de fogo;Masculino;65;Ensino Médio Completo;Não Informada
Iguatu;AIS 10;HOMICIDIO DOLOSO;2022-06-14;09:00:00;Terça;Arma de fogo;Masculino;25;Alfabetizado;Não Informada
Juazeiro do Norte;AIS 02;HOMICIDIO DOLOSO;2022-06-14;09:49:59;Terça;Arma de fogo;Masculino;26;Ensino Médio Incompleto;Não Informada
Fortaleza;AIS 18;HOMICIDIO DOLOSO;2022-06-14;14:15:00;Terça;Arma de fogo;Masculino;Não Informada;Não Informada;Não Informada
Fortaleza;AIS 19;HOMICIDIO DOLOSO;2022-06-14;17:39:59;Terça;Arma de fogo;Masculino;35;Ensino Médio Incompleto;Não Informada
Fortaleza;AIS 19;HOMICIDIO DOLOSO;2022-06-14;19:00:59;Terça;Arma de fogo;Masculino;18;Ensino Médio Incompleto;Não Informada
Fortaleza;AIS 17;HOMICIDIO DOLOSO;2022-06-14;21:11:59;Terça;Arma de fogo;Masculino;34;Ensino Fundamental Incompleto;Não Informada
Fortim;AIS 30;HOMICIDIO DOLOSO;2022-06-15;00:40:00;Quarta;Arma de fogo;Masculino;23;Ensino Médio Incompleto;Parda
Jijoca de Jericoacoara;AIS 11;HOMICIDIO DOLOSO;2022-06-15;01:40:00;Quarta;Arma de fogo;Masculino;19;Alfabetizado;Parda
Itapajé;AIS 11;HOMICIDIO DOLOSO;2022-06-15;03:45:00;Quarta;Arma de fogo;Masculino;20;Alfabetizado;Não Informada
Fortaleza;AIS 19;HOMICIDIO DOLOSO;2022-06-15;06:29:59;Quarta;Arma de fogo;Masculino;22;Não Informada;Parda
Nova Olinda;AIS 02;HOMICIDIO DOLOSO;2022-06-15;11:30:00;Quarta;Arma de fogo;Masculino;50;Não Informada;Não Informada
Limoeiro do Norte;AIS 01;HOMICIDIO DOLOSO;2022-06-15;17:05:00;Quarta;Arma de fogo;Masculino;21;Ensino Fundamental Incompleto;Branca
Trairi;AIS 23;HOMICIDIO DOLOSO;2022-06-15;18:55:00;Quarta;Outros meios;Masculino;Não Informada;Não Informada;Não Informada
Palhano;AIS 30;HOMICIDIO DOLOSO;2022-06-15;21:30:00;Quarta;Arma de fogo;Feminino;25;Ensino Fundamental Completo;Não Informada
Acopiara;AIS 10;HOMICIDIO DOLOSO;2022-06-16;11:30:00;Quinta;Arma de fogo;Masculino;35;Alfabetizado;Não Informada
Quixadá;AIS 09;HOMICIDIO DOLOSO;2022-06-16;11:50:00;Quinta;Arma de fogo;Feminino;43;Alfabetizado;Não Informada
Salitre;AIS 33;HOMICIDIO DOLOSO;2022-06-16;13:00:00;Quinta;Arma de fogo;Masculino;21;Ensino Fundamental Incompleto;Parda
Fortaleza;AIS 20;HOMICIDIO DOLOSO;2022-06-16;13:00:00;Quinta;Arma de fogo;Masculino;34;Ensino Fundamental Incompleto;Parda
Russas;AIS 01;HOMICIDIO DOLOSO;2022-06-16;16:30:00;Quinta;Arma de fogo;Masculino;27;Não Informada;Não Informada
Fortaleza;AIS 19;HOMICIDIO DOLOSO;2022-06-16;20:19:59;Quinta;Arma de fogo;Masculino;32;Ensino Fundamental Incompleto;Parda
Fortaleza;AIS 16;HOMICIDIO DOLOSO;2022-06-17;03:30:00;Sexta;Outros meios;Masculino;45;Não Informada;Parda
Banabuiú;AIS 09;HOMICIDIO DOLOSO;2022-06-17;07:00:00;Sexta;Arma branca;Masculino;53;Alfabetizado;Não Informada
Pacajus;AIS 25;HOMICIDIO DOLOSO;2022-06-17;10:30:00;Sexta;Arma de fogo;Masculino;26;Alfabetizado;Não Informada
Fortaleza;AIS 16;HOMICIDIO DOLOSO;2022-06-17;12:12:00;Sexta;Arma de fogo;Masculino;26;Ensino Fundamental Completo;Não Informada
Trairi;AIS 23;HOMICIDIO DOLOSO;2022-06-17;14:00:00;Sexta;Arma de fogo;Masculino;19;Ensino Fundamental Incompleto;Não Informada
Aquiraz;AIS 15;HOMICIDIO DOLOSO;2022-06-17;18:00:00;Sexta;Arma de fogo;Masculino;26;Ensino Médio Incompleto;Não Informada
Poranga;AIS 07;HOMICIDIO DOLOSO;2022-06-17;19:30:00;Sexta;Arma de fogo;Masculino;23;Ensino Médio Completo;Não Informada
Poranga;AIS 07;HOMICIDIO DOLOSO;2022-06-17;19:30:00;Sexta;Arma de fogo;Masculino;16;Ensino Fundamental Incompleto;Não Informada
Maranguape;AIS 24;HOMICIDIO DOLOSO;2022-06-17;19:40:00;Sexta;Arma de fogo;Masculino;24;Alfabetizado;Parda
Fortaleza;AIS 20;HOMICIDIO DOLOSO;2022-06-17;20:41:00;Sexta;Arma de fogo;Feminino;27;Ensino Médio Completo;Não Informada
Chorozinho;AIS 25;HOMICIDIO DOLOSO;2022-06-17;21:00:00;Sexta;Arma de fogo;Feminino;39;Ensino Fundamental Incompleto;Branca
Juazeiro do Norte;AIS 02;HOMICIDIO DOLOSO;2022-06-18;10:59:59;Sábado;Arma de fogo;Masculino;23;Alfabetizado;Não Informada
Maracanaú;AIS 14;HOMICIDIO DOLOSO;2022-06-18;11:51:59;Sábado;Arma de fogo;Masculino;32;Ensino Fundamental Completo;Não Informada
Meruoca;AIS 03;HOMICIDIO DOLOSO;2022-06-18;12:00:00;Sábado;Arma de fogo;Masculino;27;Não Informada;Não Informada
Saboeiro;AIS 10;HOMICIDIO DOLOSO;2022-06-18;16:00:00;Sábado;Arma branca;Masculino;57;Alfabetizado;Não Informada
Madalena;AIS 04;HOMICIDIO DOLOSO;2022-06-18;18:40:00;Sábado;Arma de fogo;Masculino;27;Ensino Médio Completo;Não Informada
Madalena;AIS 04;HOMICIDIO DOLOSO;2022-06-18;19:40:00;Sábado;Arma de fogo;Masculino;35;Ensino Fundamental Completo;Não Informada
Fortaleza;AIS 20;HOMICIDIO DOLOSO;2022-06-18;20:47:00;Sábado;Arma de fogo;Masculino;41;Alfabetizado;Parda
Fortaleza;AIS 16;HOMICIDIO DOLOSO;2022-06-18;22:20:59;Sábado;Arma de fogo;Masculino;19;Alfabetizado;Parda
Alto Santo;AIS 31;HOMICIDIO DOLOSO;2022-06-18;23:30:00;Sábado;Arma de fogo;Feminino;23;Ensino Fundamental Completo;Parda
Mombaça;AIS 13;HOMICIDIO DOLOSO;2022-06-18;23:30:00;Sábado;Arma de fogo;Masculino;34;Não Informada;Não Informada
Quixadá;AIS 09;HOMICIDIO DOLOSO;2022-06-19;00:49:59;Domingo;Outros meios;Masculino;23;Não Informada;Não Informada
Aquiraz;AIS 15;HOMICIDIO DOLOSO;2022-06-19;02:30:00;Domingo;Arma de fogo;Masculino;20;Ensino Fundamental Completo;Parda
Sobral;AIS 03;HOMICIDIO DOLOSO;2022-06-19;03:00:00;Domingo;Arma branca;Masculino;17;Não Informada;Não Informada
Aquiraz;AIS 15;HOMICIDIO DOLOSO;2022-06-19;03:29:59;Domingo;Arma de fogo;Masculino;24;Ensino Fundamental Incompleto;Não Informada
Cruz;AIS 11;HOMICIDIO DOLOSO;2022-06-19;03:40:00;Domingo;Arma de fogo;Masculino;29;Ensino Médio Completo;Não Informada
Fortaleza;AIS 19;HOMICIDIO DOLOSO;2022-06-19;04:17:00;Domingo;Arma de fogo;Masculino;Não Informada;Não Informada;Não Informada
Fortaleza;AIS 16;HOMICIDIO DOLOSO;2022-06-19;04:34:59;Domingo;Arma de fogo;Masculino;19;Não Informada;Parda
São Benedito;AIS 27;HOMICIDIO DOLOSO;2022-06-19;05:30:00;Domingo;Arma de fogo;Masculino;23;Alfabetizado;Parda
Senador Sá;AIS 03;HOMICIDIO DOLOSO;2022-06-19;06:00:00;Domingo;Arma de fogo;Masculino;30;Não Alfabetizado;Não Informada
Fortaleza;AIS 16;HOMICIDIO DOLOSO;2022-06-19;06:45:00;Domingo;Arma de fogo;Masculino;23;Não Informada;Não Informada
Choró;AIS 09;HOMICIDIO DOLOSO;2022-06-19;12:00:00;Domingo;Arma de fogo;Masculino;31;Alfabetizado;Parda
Fortaleza;AIS 19;HOMICIDIO DOLOSO;2022-06-19;13:49:59;Domingo;Arma de fogo;Masculino;Não Informada;Não Informada;Não Informada
Fortaleza;AIS 16;HOMICIDIO DOLOSO;2022-06-19;19:28:00;Domingo;Arma de fogo;Feminino;34;Não Informada;Não Informada
Fortaleza;AIS 21;HOMICIDIO DOLOSO;2022-06-19;21:29:59;Domingo;Arma de fogo;Masculino;40;Alfabetizado;Não Informada
Itapipoca;AIS 11;HOMICIDIO DOLOSO;2022-06-20;08:15:00;Segunda;Arma de fogo;Masculino;43;Alfabetizado;Não Informada
Fortaleza;AIS 18;HOMICIDIO DOLOSO;2022-06-20;08:39:00;Segunda;Arma de fogo;Masculino;42;Ensino Médio Completo;Não Informada
São Gonçalo do Amarante;AIS 23;HOMICIDIO DOLOSO;2022-06-20;10:00:00;Segunda;Arma de fogo;Masculino;23;Alfabetizado;Não Informada
Maracanaú;AIS 14;HOMICIDIO DOLOSO;2022-06-20;18:00:00;Segunda;Arma de fogo;Masculino;34;Ensino Médio Incompleto;Não Informada
Itaitinga;AIS 25;HOMICIDIO DOLOSO;2022-06-20;19:30:00;Segunda;Arma de fogo;Masculino;36;Ensino Fundamental Completo;Não Informada
Fortaleza;AIS 16;HOMICIDIO DOLOSO;2022-06-21;00:49:59;Terça;Arma de fogo;Masculino;25;Ensino Fundamental Completo;Não Informada
Fortaleza;AIS 20;LESAO CORPORAL SEGUIDA DE MORTE;2022-06-21;09:00:00;Terça;Outros meios;Masculino;32;Ensino Fundamental Incompleto;Parda
Madalena;AIS 04;HOMICIDIO DOLOSO;2022-06-21;09:00:00;Terça;Arma de fogo;Masculino;33;Ensino Fundamental Incompleto;Não Informada
Campos Sales;AIS 33;HOMICIDIO DOLOSO;2022-06-21;19:30:00;Terça;Arma de fogo;Masculino;32;Alfabetizado;Parda
Fortaleza;AIS 20;HOMICIDIO DOLOSO;2022-06-21;21:30:00;Terça;Arma de fogo;Feminino;31;Ensino Fundamental Incompleto;Não Informada
Fortaleza;AIS 16;HOMICIDIO DOLOSO;2022-06-22;12:00:00;Quarta;Arma de fogo;Feminino;29;Ensino Fundamental Incompleto;Não Informada
Cedro;AIS 34;HOMICIDIO DOLOSO;2022-06-22;14:19:59;Quarta;Arma de fogo;Masculino;13;Alfabetizado;Não Informada
Croatá;AIS 27;HOMICIDIO DOLOSO;2022-06-22;14:40:00;Quarta;Outros meios;Masculino;24;Ensino Médio Incompleto;Branca
Pacajus;AIS 25;HOMICIDIO DOLOSO;2022-06-22;15:29:59;Quarta;Arma de fogo;Masculino;21;Ensino Médio Completo;Não Informada
Itapipoca;AIS 11;HOMICIDIO DOLOSO;2022-06-22;17:30:00;Quarta;Arma de fogo;Masculino;33;Não Alfabetizado;Não Informada
Fortaleza;AIS 16;HOMICIDIO DOLOSO;2022-06-22;19:00:00;Quarta;Arma de fogo;Masculino;28;Alfabetizado;Não Informada
Eusébio;AIS 15;HOMICIDIO DOLOSO;2022-06-22;21:00:00;Quarta;Arma de fogo;Masculino;40;Ensino Fundamental Incompleto;Não Informada
Catarina;AIS 13;HOMICIDIO DOLOSO;2022-06-23;04:59:59;Quinta;Arma de fogo;Masculino;50;Ensino Fundamental Incompleto;Não Informada
Juazeiro do Norte;AIS 02;HOMICIDIO DOLOSO;2022-06-23;07:00:00;Quinta;Arma de fogo;Masculino;29;Ensino Médio Completo;Não Informada
Fortaleza;AIS 16;HOMICIDIO DOLOSO;2022-06-23;10:30:00;Quinta;Arma de fogo;Masculino;14;Não Informada;Não Informada
Russas;AIS 01;HOMICIDIO DOLOSO;2022-06-23;10:59:59;Quinta;Arma de fogo;Masculino;65;Não Alfabetizado;Não Informada
Fortaleza;AIS 18;HOMICIDIO DOLOSO;2022-06-23;17:41:59;Quinta;Arma de fogo;Masculino;16;Não Informada;Não Informada
Juazeiro do Norte;AIS 02;HOMICIDIO DOLOSO;2022-06-23;18:40:00;Quinta;Arma de fogo;Feminino;20;Ensino Fundamental Incompleto;Parda
Maracanaú;AIS 14;HOMICIDIO DOLOSO;2022-06-23;20:05:59;Quinta;Arma de fogo;Masculino;22;Ensino Fundamental Incompleto;Não Informada
Fortaleza;AIS 19;HOMICIDIO DOLOSO;2022-06-23;22:59:59;Quinta;Arma de fogo;Masculino;27;Ensino Médio Completo;Não Informada
Fortaleza;AIS 19;HOMICIDIO DOLOSO;2022-06-23;23:35:59;Quinta;Arma de fogo;Masculino;31;Ensino Médio Incompleto;Parda
Capistrano;AIS 29;HOMICIDIO DOLOSO;2022-06-24;05:00:00;Sexta;Arma branca;Masculino;48;Não Informada;Não Informada
Fortaleza;AIS 19;HOMICIDIO DOLOSO;2022-06-24;13:10:00;Sexta;Arma de fogo;Masculino;38;Ensino Fundamental Incompleto;Não Informada
Fortaleza;AIS 16;HOMICIDIO DOLOSO;2022-06-24;15:15:00;Sexta;Arma de fogo;Masculino;20;Não Informada;Não Informada
Maracanaú;AIS 14;HOMICIDIO DOLOSO;2022-06-24;16:00:00;Sexta;Arma de fogo;Masculino;17;Ensino Médio Incompleto;Branca
Maracanaú;AIS 14;HOMICIDIO DOLOSO;2022-06-24;19:39:00;Sexta;Arma de fogo;Masculino;31;Ensino Fundamental Completo;Não Informada
Fortaleza;AIS 19;HOMICIDIO DOLOSO;2022-06-24;19:45:00;Sexta;Arma de fogo;Masculino;25;Ensino Fundamental Completo;Parda
Maracanaú;AIS 14;HOMICIDIO DOLOSO;2022-06-25;00:45:00;Sábado;Arma de fogo;Masculino;33;Ensino Fundamental Completo;Não Informada
Fortaleza;AIS 16;HOMICIDIO DOLOSO;2022-06-25;02:30:00;Sábado;Arma de fogo;Masculino;42;Alfabetizado;Não Informada
Fortaleza;AIS 16;HOMICIDIO DOLOSO;2022-06-25;14:10:00;Sábado;Outros meios;Masculino;32;Ensino Fundamental Completo;Branca
Cariús;AIS 10;HOMICIDIO DOLOSO;2022-06-25;19:00:00;Sábado;Arma de fogo;Masculino;23;Alfabetizado;Não Informada
Sobral;AIS 03;HOMICIDIO DOLOSO;2022-06-25;19:59:59;Sábado;Arma de fogo;Masculino;33;Alfabetizado;Parda
Maracanaú;AIS 14;HOMICIDIO DOLOSO;2022-06-25;20:14:00;Sábado;Arma de fogo;Masculino;28;Não Informada;Não Informada
Limoeiro do Norte;AIS 01;HOMICIDIO DOLOSO;2022-06-25;20:30:00;Sábado;Arma de fogo;Feminino;65;Ensino Médio Completo;Parda
Fortaleza;AIS 21;HOMICIDIO DOLOSO;2022-06-26;01:17:00;Domingo;Arma de fogo;Masculino;23;Não Informada;Não Informada
Aquiraz;AIS 15;HOMICIDIO DOLOSO;2022-06-26;02:40:00;Domingo;Arma de fogo;Masculino;23;Ensino Médio Incompleto;Parda
Pacatuba;AIS 24;FEMINICÍDIO;2022-06-26;09:39:00;Domingo;Arma branca;Feminino;34;Ensino Médio Incompleto;Parda
Fortaleza;AIS 06;HOMICIDIO DOLOSO;2022-06-26;10:30:00;Domingo;Arma de fogo;Masculino;18;Não Informada;Não Informada
Fortaleza;AIS 19;HOMICIDIO DOLOSO;2022-06-26;12:40:00;Domingo;Arma de fogo;Masculino;31;Ensino Fundamental Incompleto;Não Informada
Jijoca de Jericoacoara;AIS 11;HOMICIDIO DOLOSO;2022-06-26;14:10:00;Domingo;Arma de fogo;Masculino;29;Não Informada;Não Informada
Fortaleza;AIS 05;HOMICIDIO DOLOSO;2022-06-26;20:30:00;Domingo;Arma de fogo;Masculino;31;Ensino Fundamental Incompleto;Parda
Fortaleza;AIS 16;HOMICIDIO DOLOSO;2022-06-26;20:30:00;Domingo;Arma de fogo;Masculino;23;Não Informada;Parda
Maracanaú;AIS 14;HOMICIDIO DOLOSO;2022-06-26;21:00:00;Domingo;Arma de fogo;Masculino;22;Ensino Fundamental Incompleto;Não Informada
Independência;AIS 07;HOMICIDIO DOLOSO;2022-06-26;23:30:00;Domingo;Arma de fogo;Masculino;23;Ensino Médio Completo;Não Informada
Fortaleza;AIS 16;HOMICIDIO DOLOSO;2022-06-27;13:14:00;Segunda;Arma de fogo;Masculino;27;Alfabetizado;Parda
Barbalha;AIS 02;HOMICIDIO DOLOSO;2022-06-27;15:29:59;Segunda;Arma de fogo;Masculino;22;Não Alfabetizado;Não Informada
Fortaleza;AIS 16;HOMICIDIO DOLOSO;2022-06-27;18:20:00;Segunda;Arma de fogo;Masculino;32;Ensino Fundamental Incompleto;Preta
Cascavel;AIS 15;HOMICIDIO DOLOSO;2022-06-27;19:00:00;Segunda;Arma de fogo;Masculino;24;Ensino Médio Completo;Não Informada
Maracanaú;AIS 14;HOMICIDIO DOLOSO;2022-06-27;19:52:59;Segunda;Arma de fogo;Masculino;23;Não Informada;Não Informada
Quixadá;AIS 09;HOMICIDIO DOLOSO;2022-06-28;01:30:00;Terça;Arma de fogo;Masculino;28;Alfabetizado;Não Informada
Paracuru;AIS 23;HOMICIDIO DOLOSO;2022-06-28;12:40:00;Terça;Arma de fogo;Masculino;57;Ensino Fundamental Completo;Não Informada
Caucaia;AIS 26;HOMICIDIO DOLOSO;2022-06-28;22:00:00;Terça;Outros meios;Masculino;32;Alfabetizado;Não Informada
Iguatu;AIS 10;HOMICIDIO DOLOSO;2022-06-29;07:00:00;Quarta;Arma branca;Feminino;61;Ensino Fundamental Incompleto;Não Informada
Fortaleza;AIS 06;HOMICIDIO DOLOSO;2022-06-29;11:05:00;Quarta;Arma de fogo;Masculino;25;Ensino Fundamental Incompleto;Não Informada
Frecheirinha;AIS 03;HOMICIDIO DOLOSO;2022-06-29;12:00:00;Quarta;Arma de fogo;Masculino;37;Alfabetizado;Não Informada
Altaneira;AIS 33;HOMICIDIO DOLOSO;2022-06-29;15:09:59;Quarta;Arma de fogo;Masculino;34;Alfabetizado;Não Informada
Fortaleza;AIS 19;HOMICIDIO DOLOSO;2022-06-29;15:56:59;Quarta;Arma de fogo;Masculino;36;Alfabetizado;Não Informada
Fortaleza;AIS 17;HOMICIDIO DOLOSO;2022-06-29;19:32:00;Quarta;Arma de fogo;Masculino;26;Ensino Médio Completo;Não Informada
Quixadá;AIS 09;HOMICIDIO DOLOSO;2022-06-29;21:00:00;Quarta;Arma de fogo;Masculino;27;Não Alfabetizado;Não Informada
Paramoti;AIS 04;HOMICIDIO DOLOSO;2022-06-29;22:59:59;Quarta;Arma de fogo;Masculino;19;Não Informada;Não Informada
Caucaia;AIS 12;HOMICIDIO DOLOSO;2022-06-30;10:30:00;Quinta;Outros meios;Masculino;Não Informada;Não Informada;Não Informada
São Benedito;AIS 27;HOMICIDIO DOLOSO;2022-06-30;12:29:59;Quinta;Arma branca;Masculino;31;Alfabetizado;Parda
Fortaleza;AIS 19;HOMICIDIO DOLOSO;2022-06-30;18:15:00;Quinta;Arma de fogo;Masculino;46;Alfabetizado;Parda
Pereiro;AIS 31;HOMICIDIO DOLOSO;2022-06-30;21:00:00;Quinta;Arma branca;Masculino;24;Alfabetizado;Não Informada
Maracanaú;AIS 14;HOMICIDIO DOLOSO;2022-06-30;21:40:00;Quinta;Arma de fogo;Masculino;40;Ensino Médio Completo;Parda
Fortaleza;AIS 18;FEMINICÍDIO;2022-07-01;04:49:59;Sexta;Outros meios;Feminino;20;Ensino Médio Incompleto;Não Informada
Itaitinga;AIS 25;HOMICIDIO DOLOSO;2022-07-01;07:35:59;Sexta;Arma de fogo;Masculino;45;Alfabetizado;Não Informada
Aquiraz;AIS 15;HOMICIDIO DOLOSO;2022-07-01;08:19:59;Sexta;Arma de fogo;Masculino;27;Não Informada;Não Informada
Maranguape;AIS 24;HOMICIDIO DOLOSO;2022-07-01;09:19:59;Sexta;Outros meios;Masculino;46;Ensino Fundamental Incompleto;Não Informada
Crateús;AIS 07;LESAO CORPORAL SEGUIDA DE MORTE;2022-07-01;11:00:00;Sexta;Outros meios;Masculino;33;Ensino Médio Completo;Não Informada
Juazeiro do Norte;AIS 02;HOMICIDIO DOLOSO;2022-07-01;18:30:00;Sexta;Arma de fogo;Feminino;32;Alfabetizado;Não Informada
Caucaia;AIS 12;HOMICIDIO DOLOSO;2022-07-01;19:15:00;Sexta;Arma de fogo;Masculino;33;Ensino Médio Incompleto;Parda
Forquilha;AIS 03;HOMICIDIO DOLOSO;2022-07-01;20:19:59;Sexta;Arma de fogo;Masculino;34;Alfabetizado;Parda
Quixadá;AIS 09;HOMICIDIO DOLOSO;2022-07-01;22:17:00;Sexta;Outros meios;Masculino;66;Alfabetizado;Não Informada
Maracanaú;AIS 14;HOMICIDIO DOLOSO;2022-07-01;22:30:00;Sexta;Arma branca;Masculino;52;Ensino Fundamental Completo;Não Informada
Aracati;AIS 30;HOMICIDIO DOLOSO;2022-07-02;06:29:59;Sábado;Arma branca;Masculino;49;Ensino Fundamental Completo;Não Informada
Maracanaú;AIS 14;HOMICIDIO DOLOSO;2022-07-02;15:00:00;Sábado;Arma de fogo;Masculino;42;Ensino Fundamental Completo;Branca
Juazeiro do Norte;AIS 02;HOMICIDIO DOLOSO;2022-07-02;17:27:59;Sábado;Arma de fogo;Masculino;22;Não Alfabetizado;Não Informada
Ubajara;AIS 27;HOMICIDIO DOLOSO;2022-07-02;20:00:00;Sábado;Arma de fogo;Masculino;28;Alfabetizado;Parda
Fortaleza;AIS 16;HOMICIDIO DOLOSO;2022-07-02;20:48:00;Sábado;Arma de fogo;Masculino;41;Ensino Médio Completo;Não Informada
Caucaia;AIS 26;HOMICIDIO DOLOSO;2022-07-02;21:00:00;Sábado;Arma de fogo;Masculino;20;Ensino Fundamental Incompleto;Não Informada
Crato;AIS 02;HOMICIDIO DOLOSO;2022-07-03;04:00:00;Domingo;Arma de fogo;Masculino;20;Ensino Fundamental Incompleto;Não Informada
Crato;AIS 02;HOMICIDIO DOLOSO;2022-07-03;04:00:00;Domingo;Arma de fogo;Masculino;16;Alfabetizado;Não Informada
Nova Russas;AIS 07;HOMICIDIO DOLOSO;2022-07-03;04:00:00;Domingo;Arma branca;Masculino;40;Ensino Fundamental Incompleto;Não Informada
Itarema;AIS 11;HOMICIDIO DOLOSO;2022-07-03;06:29:59;Domingo;Outros meios;Masculino;59;Ensino Fundamental Incompleto;Não Informada
Horizonte;AIS 25;HOMICIDIO DOLOSO;2022-07-03;10:59:59;Domingo;Arma de fogo;Masculino;46;Alfabetizado;Branca
Fortaleza;AIS 16;HOMICIDIO DOLOSO;2022-07-03;16:00:00;Domingo;Arma de fogo;Masculino;37;Alfabetizado;Não Informada
Milhã;AIS 09;HOMICIDIO DOLOSO;2022-07-03;17:47:00;Domingo;Arma de fogo;Masculino;27;Alfabetizado;Não Informada
Caucaia;AIS 12;HOMICIDIO DOLOSO;2022-07-03;21:00:00;Domingo;Arma de fogo;Masculino;34;Ensino Fundamental Incompleto;Preta
Ubajara;AIS 27;HOMICIDIO DOLOSO;2022-07-03;21:00:00;Domingo;Arma de fogo;Masculino;12;Alfabetizado;Parda
Graça;AIS 03;LESAO CORPORAL SEGUIDA DE MORTE;2022-07-03;23:00:00;Domingo;Outros meios;Masculino;39;Alfabetizado;Não Informada
Cascavel;AIS 15;ROUBO SEGUIDO DE MORTE (LATROCINIO);2022-07-04;07:59:59;Segunda;Arma de fogo;Masculino;22;Ensino Médio Incompleto;Não Informada
Caucaia;AIS 12;HOMICIDIO DOLOSO;2022-07-04;11:28:00;Segunda;Arma de fogo;Masculino;45;Ensino Fundamental Completo;Não Informada
Missão Velha;AIS 02;HOMICIDIO DOLOSO;2022-07-04;18:00:00;Segunda;Arma branca;Masculino;58;Ensino Fundamental Incompleto;Não Informada
Maracanaú;AIS 14;HOMICIDIO DOLOSO;2022-07-04;20:30:00;Segunda;Arma de fogo;Masculino;25;Ensino Fundamental Completo;Não Informada
Caucaia;AIS 26;HOMICIDIO DOLOSO;2022-07-05;03:09:59;Terça;Arma de fogo;Masculino;29;Ensino Fundamental Incompleto;Não Informada
Chorozinho;AIS 25;HOMICIDIO DOLOSO;2022-07-05;07:00:00;Terça;Arma de fogo;Masculino;30;Alfabetizado;Não Informada
Boa Viagem;AIS 04;HOMICIDIO DOLOSO;2022-07-05;09:29:59;Terça;Arma de fogo;Masculino;51;Não Alfabetizado;Não Informada
Boa Viagem;AIS 04;HOMICIDIO DOLOSO;2022-07-05;09:30:00;Terça;Arma de fogo;Masculino;31;Ensino Fundamental Completo;Branca
Fortaleza;AIS 19;HOMICIDIO DOLOSO;2022-07-05;19:17:00;Terça;Arma branca;Masculino;66;Não Informada;Não Informada
Maracanaú;AIS 14;HOMICIDIO DOLOSO;2022-07-05;20:30:00;Terça;Arma de fogo;Masculino;16;Ensino Médio Incompleto;Não Informada
Fortaleza;AIS 22;HOMICIDIO DOLOSO;2022-07-06;05:30:00;Quarta;Arma de fogo;Feminino;39;Ensino Médio Incompleto;Não Informada
Frecheirinha;AIS 03;HOMICIDIO DOLOSO;2022-07-06;10:39:59;Quarta;Arma de fogo;Masculino;23;Alfabetizado;Não Informada
Tianguá;AIS 27;HOMICIDIO DOLOSO;2022-07-06;11:30:00;Quarta;Arma de fogo;Masculino;21;Ensino Médio Incompleto;Parda
Tianguá;AIS 27;HOMICIDIO DOLOSO;2022-07-06;11:30:00;Quarta;Arma de fogo;Masculino;17;Alfabetizado;Parda
Maracanaú;AIS 14;HOMICIDIO DOLOSO;2022-07-06;14:35:00;Quarta;Arma de fogo;Masculino;31;Ensino Fundamental Incompleto;Não Informada
Caucaia;AIS 12;HOMICIDIO DOLOSO;2022-07-06;16:09:59;Quarta;Arma de fogo;Masculino;23;Alfabetizado;Parda
Caucaia;AIS 26;HOMICIDIO DOLOSO;2022-07-06;16:59:59;Quarta;Arma de fogo;Masculino;23;Alfabetizado;Não Informada
Trairi;AIS 23;HOMICIDIO DOLOSO;2022-07-06;19:00:00;Quarta;Arma de fogo;Masculino;44;Ensino Fundamental Incompleto;Não Informada
Forquilha;AIS 03;HOMICIDIO DOLOSO;2022-07-06;19:54:59;Quarta;Arma de fogo;Masculino;26;Alfabetizado;Não Informada
Eusébio;AIS 15;HOMICIDIO DOLOSO;2022-07-07;09:20:00;Quinta;Arma de fogo;Masculino;20;Ensino Médio Incompleto;Não Informada
Cascavel;AIS 15;HOMICIDIO DOLOSO;2022-07-07;15:00:00;Quinta;Arma de fogo;Masculino;30;Ensino Médio Completo;Não Informada
Tianguá;AIS 27;HOMICIDIO DOLOSO;2022-07-07;19:59:59;Quinta;Arma de fogo;Masculino;29;Alfabetizado;Não Informada
Barbalha;AIS 02;HOMICIDIO DOLOSO;2022-07-07;23:30:00;Quinta;Arma de fogo;Masculino;19;Alfabetizado;Preta
Fortaleza;AIS 16;HOMICIDIO DOLOSO;2022-07-08;08:50:00;Sexta;Arma de fogo;Masculino;34;Não Alfabetizado;Não Informada
Maracanaú;AIS 14;HOMICIDIO DOLOSO;2022-07-08;16:54:59;Sexta;Arma de fogo;Masculino;22;Ensino Fundamental Completo;Não Informada
Caridade;AIS 04;HOMICIDIO DOLOSO;2022-07-08;21:40:00;Sexta;Arma de fogo;Masculino;23;Alfabetizado;Parda
Fortaleza;AIS 19;HOMICIDIO DOLOSO;2022-07-09;10:39:59;Sábado;Arma de fogo;Masculino;29;Ensino Médio Incompleto;Não Informada
Fortaleza;AIS 18;HOMICIDIO DOLOSO;2022-07-09;13:50:00;Sábado;Arma de fogo;Feminino;22;Alfabetizado;Não Informada
Maracanaú;AIS 14;HOMICIDIO DOLOSO;2022-07-09;18:40:00;Sábado;Arma de fogo;Masculino;35;Ensino Fundamental Completo;Parda
Tamboril;AIS 07;HOMICIDIO DOLOSO;2022-07-09;19:30:00;Sábado;Arma de fogo;Masculino;27;Ensino Médio Completo;Não Informada
Guaraciaba do Norte;AIS 27;HOMICIDIO DOLOSO;2022-07-09;21:00:00;Sábado;Arma branca;Masculino;48;Não Informada;Não Informada
Fortaleza;AIS 18;HOMICIDIO DOLOSO;2022-07-10;01:55:00;Domingo;Arma de fogo;Masculino;29;Alfabetizado;Não Informada
Fortaleza;AIS 20;HOMICIDIO DOLOSO;2022-07-10;04:20:00;Domingo;Arma de fogo;Masculino;18;Alfabetizado;Não Informada
Uruburetama;AIS 11;HOMICIDIO DOLOSO;2022-07-10;09:00:00;Domingo;Arma branca;Masculino;77;Alfabetizado;Não Informada
Forquilha;AIS 03;HOMICIDIO DOLOSO;2022-07-10;11:30:00;Domingo;Arma de fogo;Masculino;28;Ensino Médio Incompleto;Preta
Morada Nova;AIS 09;HOMICIDIO DOLOSO;2022-07-10;15:00:00;Domingo;Arma de fogo;Masculino;25;Ensino Médio Incompleto;Não Informada
Fortaleza;AIS 20;HOMICIDIO DOLOSO;2022-07-10;15:57:00;Domingo;Arma de fogo;Masculino;28;Ensino Médio Completo;Não Informada
Mucambo;AIS 03;HOMICIDIO DOLOSO;2022-07-10;20:30:00;Domingo;Arma de fogo;Masculino;26;Não Informada;Não Informada
Fortaleza;AIS 16;HOMICIDIO DOLOSO;2022-07-10;21:00:00;Domingo;Arma de fogo;Feminino;41;Não Informada;Não Informada
Fortaleza;AIS 21;HOMICIDIO DOLOSO;2022-07-10;22:00:00;Domingo;Arma de fogo;Masculino;21;Alfabetizado;Preta
Fortaleza;AIS 21;HOMICIDIO DOLOSO;2022-07-10;22:00:00;Domingo;Arma de fogo;Masculino;19;Não Informada;Não Informada
Fortaleza;AIS 08;HOMICIDIO DOLOSO;2022-07-10;22:59:59;Domingo;Arma branca;Masculino;Não Informada;Não Informada;Não Informada
São Gonçalo do Amarante;AIS 23;HOMICIDIO DOLOSO;2022-07-11;02:00:00;Segunda;Arma de fogo;Masculino;47;Ensino Médio Completo;Não Informada
Carnaubal;AIS 27;LESAO CORPORAL SEGUIDA DE MORTE;2022-07-11;04:59:59;Segunda;Outros meios;Masculino;Não Informada;Não Alfabetizado;Parda
Tianguá;AIS 27;HOMICIDIO DOLOSO;2022-07-11;07:59:59;Segunda;Outros meios;Masculino;41;Superior Completo;Não Informada
Morada Nova;AIS 09;HOMICIDIO DOLOSO;2022-07-11;08:00:00;Segunda;Arma de fogo;Masculino;40;Alfabetizado;Não Informada
Iguatu;AIS 10;HOMICIDIO DOLOSO;2022-07-11;08:40:00;Segunda;Arma branca;Masculino;32;Ensino Médio Completo;Não Informada
Iguatu;AIS 10;HOMICIDIO DOLOSO;2022-07-11;10:59:59;Segunda;Arma de fogo;Masculino;35;Alfabetizado;Não Informada
Eusébio;AIS 15;HOMICIDIO DOLOSO;2022-07-11;13:49:59;Segunda;Arma de fogo;Masculino;27;Ensino Fundamental Completo;Não Informada
Juazeiro do Norte;AIS 02;HOMICIDIO DOLOSO;2022-07-11;19:30:00;Segunda;Arma de fogo;Feminino;44;Ensino Fundamental Completo;Não Informada
Sobral;AIS 03;HOMICIDIO DOLOSO;2022-07-11;20:44:59;Segunda;Arma de fogo;Masculino;55;Não Alfabetizado;Parda
Sobral;AIS 03;HOMICIDIO DOLOSO;2022-07-11;20:44:59;Segunda;Arma de fogo;Masculino;33;Alfabetizado;Não Informada
Sobral;AIS 03;HOMICIDIO DOLOSO;2022-07-11;20:45:00;Segunda;Arma de fogo;Masculino;51;Alfabetizado;Branca
Uruburetama;AIS 11;HOMICIDIO DOLOSO;2022-07-12;09:30:00;Terça;Arma de fogo;Masculino;39;Alfabetizado;Parda
Fortaleza;AIS 16;HOMICIDIO DOLOSO;2022-07-12;13:20:00;Terça;Arma de fogo;Masculino;41;Alfabetizado;Parda
Bela Cruz;AIS 11;HOMICIDIO DOLOSO;2022-07-12;14:00:00;Terça;Arma de fogo;Masculino;30;Ensino Fundamental Completo;Não Informada
Fortaleza;AIS 17;HOMICIDIO DOLOSO;2022-07-12;15:29:59;Terça;Arma de fogo;Masculino;38;Ensino Médio Completo;Não Informada
Aquiraz;AIS 15;HOMICIDIO DOLOSO;2022-07-12;17:30:00;Terça;Arma branca;Masculino;18;Ensino Fundamental Completo;Não Informada
Jaguaretama;AIS 09;HOMICIDIO DOLOSO;2022-07-12;19:15:00;Terça;Arma de fogo;Masculino;19;Alfabetizado;Não Informada
Fortaleza;AIS 18;HOMICIDIO DOLOSO;2022-07-12;19:30:00;Terça;Arma de fogo;Masculino;17;Alfabetizado;Não Informada
Deputado Irapuan Pinheiro;AIS 09;HOMICIDIO DOLOSO;2022-07-12;20:30:00;Terça;Arma branca;Feminino;43;Ensino Fundamental Incompleto;Branca
São Gonçalo do Amarante;AIS 23;HOMICIDIO DOLOSO;2022-07-13;08:30:00;Quarta;Arma de fogo;Masculino;Não Informada;Não Informada;Não Informada
Horizonte;AIS 25;HOMICIDIO DOLOSO;2022-07-13;09:29:59;Quarta;Arma de fogo;Masculino;42;Ensino Fundamental Incompleto;Parda
Mulungu;AIS 29;HOMICIDIO DOLOSO;2022-07-13;11:15:00;Quarta;Arma de fogo;Masculino;51;Alfabetizado;Não Informada
Iguatu;AIS 10;HOMICIDIO DOLOSO;2022-07-13;13:59:59;Quarta;Arma de fogo;Feminino;14;Ensino Fundamental Incompleto;Parda
Iguatu;AIS 10;HOMICIDIO DOLOSO;2022-07-13;13:59:59;Quarta;Arma de fogo;Feminino;37;Ensino Médio Incompleto;Parda
Russas;AIS 01;HOMICIDIO DOLOSO;2022-07-13;17:43:00;Quarta;Arma de fogo;Masculino;38;Ensino Fundamental Completo;Não Informada
Itapajé;AIS 11;HOMICIDIO DOLOSO;2022-07-13;21:00:00;Quarta;Arma de fogo;Masculino;16;Alfabetizado;Não Informada
Solonópole;AIS 09;HOMICIDIO DOLOSO;2022-07-13;21:40:00;Quarta;Arma branca;Masculino;35;Ensino Médio Completo;Parda
Fortaleza;AIS 21;HOMICIDIO DOLOSO;2022-07-13;22:43:00;Quarta;Arma de fogo;Masculino;Não Informada;Não Informada;Não Informada
Cascavel;AIS 15;HOMICIDIO DOLOSO;2022-07-14;02:10:00;Quinta;Arma de fogo;Masculino;57;Alfabetizado;Não Informada
Fortaleza;AIS 21;HOMICIDIO DOLOSO;2022-07-14;12:40:00;Quinta;Arma de fogo;Masculino;19;Alfabetizado;Parda
Fortaleza;AIS 18;HOMICIDIO DOLOSO;2022-07-14;14:50:00;Quinta;Arma de fogo;Masculino;17;Ensino Fundamental Incompleto;Parda
Limoeiro do Norte;AIS 01;HOMICIDIO DOLOSO;2022-07-14;16:00:00;Quinta;Arma de fogo;Masculino;28;Alfabetizado;Não Informada
Aquiraz;AIS 15;HOMICIDIO DOLOSO;2022-07-14;16:30:00;Quinta;Arma de fogo;Masculino;20;Ensino Médio Completo;Parda
Fortaleza;AIS 21;HOMICIDIO DOLOSO;2022-07-14;21:40:00;Quinta;Arma de fogo;Masculino;26;Ensino Médio Completo;Parda
Fortaleza;AIS 16;HOMICIDIO DOLOSO;2022-07-15;07:30:00;Sexta;Arma de fogo;Masculino;25;Não Informada;Branca
Fortaleza;AIS 16;HOMICIDIO DOLOSO;2022-07-15;08:50:00;Sexta;Arma de fogo;Masculino;50;Ensino Fundamental Incompleto;Não Informada
Russas;AIS 01;HOMICIDIO DOLOSO;2022-07-15;12:19:59;Sexta;Arma de fogo;Masculino;27;Alfabetizado;Não Informada
Fortaleza;AIS 16;HOMICIDIO DOLOSO;2022-07-15;18:00:00;Sexta;Arma de fogo;Masculino;22;Não Informada;Parda
Brejo Santo;AIS 32;HOMICIDIO DOLOSO;2022-07-15;18:40:00;Sexta;Arma de fogo;Masculino;24;Ensino Médio Completo;Branca
Horizonte;AIS 25;HOMICIDIO DOLOSO;2022-07-15;21:00:00;Sexta;Arma de fogo;Masculino;19;Não Informada;Não Informada
Maracanaú;AIS 14;HOMICIDIO DOLOSO;2022-07-15;21:00:00;Sexta;Arma de fogo;Masculino;35;Ensino Fundamental Incompleto;Não Informada
Altaneira;AIS 33;HOMICIDIO DOLOSO;2022-07-15;21:00:00;Sexta;Arma de fogo;Masculino;49;Não Alfabetizado;Não Informada
Crato;AIS 02;HOMICIDIO DOLOSO;2022-07-15;21:30:00;Sexta;Arma de fogo;Masculino;42;Não Informada;Não Informada
Jaguaribe;AIS 31;HOMICIDIO DOLOSO;2022-07-15;22:30:00;Sexta;Arma de fogo;Masculino;30;Alfabetizado;Parda
Varjota;AIS 07;HOMICIDIO DOLOSO;2022-07-16;00:19:59;Sábado;Arma de fogo;Masculino;21;Ensino Fundamental Completo;Parda
Fortaleza;AIS 17;HOMICIDIO DOLOSO;2022-07-16;01:25:00;Sábado;Arma de fogo;Masculino;29;Ensino Fundamental Incompleto;Não Informada
São Benedito;AIS 27;HOMICIDIO DOLOSO;2022-07-16;03:00:00;Sábado;Arma branca;Masculino;51;Não Alfabetizado;Não Informada
Pedra Branca;AIS 09;HOMICIDIO DOLOSO;2022-07-16;04:00:00;Sábado;Arma de fogo;Feminino;32;Ensino Fundamental Incompleto;Não Informada
Fortaleza;AIS 19;HOMICIDIO DOLOSO;2022-07-16;05:30:00;Sábado;Arma de fogo;Masculino;19;Alfabetizado;Não Informada
Beberibe;AIS 30;FEMINICÍDIO;2022-07-16;07:00:00;Sábado;Arma branca;Feminino;42;Ensino Médio Completo;Não Informada
Capistrano;AIS 29;HOMICIDIO DOLOSO;2022-07-16;11:00:00;Sábado;Arma de fogo;Feminino;17;Ensino Médio Incompleto;Não Informada
Nova Olinda;AIS 02;HOMICIDIO DOLOSO;2022-07-16;11:34:00;Sábado;Arma de fogo;Masculino;29;Não Informada;Não Informada
Fortaleza;AIS 17;HOMICIDIO DOLOSO;2022-07-16;16:39:59;Sábado;Arma de fogo;Masculino;29;Ensino Fundamental Incompleto;Não Informada
Limoeiro do Norte;AIS 01;HOMICIDIO DOLOSO;2022-07-16;17:40:00;Sábado;Arma de fogo;Masculino;29;Ensino Fundamental Incompleto;Branca
Tianguá;AIS 27;HOMICIDIO DOLOSO;2022-07-16;19:20:00;Sábado;Arma de fogo;Masculino;32;Alfabetizado;Parda
Fortaleza;AIS 22;HOMICIDIO DOLOSO;2022-07-16;19:37:00;Sábado;Arma branca;Masculino;41;Ensino Médio Completo;Não Informada
Chorozinho;AIS 25;HOMICIDIO DOLOSO;2022-07-16;20:30:00;Sábado;Arma de fogo;Masculino;46;Não Informada;Não Informada
Beberibe;AIS 30;HOMICIDIO DOLOSO;2022-07-16;21:25:00;Sábado;Arma de fogo;Masculino;22;Ensino Médio Incompleto;Não Informada
Fortaleza;AIS 19;HOMICIDIO DOLOSO;2022-07-17;01:49:59;Domingo;Arma de fogo;Masculino;31;Ensino Fundamental Completo;Não Informada
Fortaleza;AIS 19;HOMICIDIO DOLOSO;2022-07-17;03:00:00;Domingo;Arma de fogo;Masculino;36;Alfabetizado;Não Informada
Fortaleza;AIS 18;HOMICIDIO DOLOSO;2022-07-17;03:49:00;Domingo;Arma de fogo;Feminino;38;Ensino Fundamental Completo;Parda
Morada Nova;AIS 09;HOMICIDIO DOLOSO;2022-07-17;04:10:00;Domingo;Arma de fogo;Masculino;28;Alfabetizado;Parda
Itarema;AIS 11;HOMICIDIO DOLOSO;2022-07-17;05:00:00;Domingo;Outros meios;Masculino;24;Ensino Médio Incompleto;Não Informada
Varjota;AIS 07;HOMICIDIO DOLOSO;2022-07-17;05:25:00;Domingo;Arma de fogo;Masculino;31;Não Informada;Parda
Fortaleza;AIS 16;HOMICIDIO DOLOSO;2022-07-17;05:30:00;Domingo;Arma de fogo;Masculino;29;Ensino Médio Completo;Não Informada
Horizonte;AIS 25;HOMICIDIO DOLOSO;2022-07-17;07:59:59;Domingo;Arma de fogo;Masculino;29;Não Alfabetizado;Não Informada
Aracati;AIS 30;HOMICIDIO DOLOSO;2022-07-17;10:00:00;Domingo;Arma branca;Feminino;23;Ensino Médio Incompleto;Parda
Caucaia;AIS 26;HOMICIDIO DOLOSO;2022-07-17;12:19:59;Domingo;Arma de fogo;Masculino;18;Alfabetizado;Parda
Sobral;AIS 03;HOMICIDIO DOLOSO;2022-07-17;13:00:00;Domingo;Arma de fogo;Masculino;20;Alfabetizado;Não Informada
Independência;AIS 07;HOMICIDIO DOLOSO;2022-07-17;14:30:00;Domingo;Arma de fogo;Masculino;22;Ensino Fundamental Completo;Não Informada
Aracati;AIS 30;HOMICIDIO DOLOSO;2022-07-17;18:29:59;Domingo;Arma de fogo;Masculino;17;Ensino Médio Incompleto;Não Informada
Pacajus;AIS 25;HOMICIDIO DOLOSO;2022-07-18;09:30:00;Segunda;Arma de fogo;Masculino;18;Ensino Médio Incompleto;Parda
Fortaleza;AIS 05;HOMICIDIO DOLOSO;2022-07-18;11:30:00;Segunda;Arma de fogo;Masculino;39;Ensino Fundamental Completo;Não Informada
Icó;AIS 34;HOMICIDIO DOLOSO;2022-07-18;15:40:00;Segunda;Arma de fogo;Masculino;35;Alfabetizado;Não Informada
Fortaleza;AIS 20;HOMICIDIO DOLOSO;2022-07-19;00:00:00;Terça;Outros meios;Masculino;23;Ensino Fundamental Completo;Parda
Caucaia;AIS 12;HOMICIDIO DOLOSO;2022-07-19;16:50:00;Terça;Arma de fogo;Masculino;21;Alfabetizado;Não Informada
Maracanaú;AIS 14;HOMICIDIO DOLOSO;2022-07-19;19:30:00;Terça;Arma de fogo;Masculino;30;Ensino Fundamental Incompleto;Parda
Fortaleza;AIS 16;HOMICIDIO DOLOSO;2022-07-19;19:30:00;Terça;Arma de fogo;Masculino;30;Alfabetizado;Não Informada
Aquiraz;AIS 15;HOMICIDIO DOLOSO;2022-07-19;21:00:00;Terça;Arma de fogo;Masculino;33;Ensino Fundamental Incompleto;Não Informada
Ubajara;AIS 27;HOMICIDIO DOLOSO;2022-07-20;13:00:00;Quarta;Arma de fogo;Masculino;28;Não Informada;Não Informada
Fortaleza;AIS 20;HOMICIDIO DOLOSO;2022-07-20;13:00:00;Quarta;Arma de fogo;Masculino;Não Informada;Não Informada;Não Informada
Ipaumirim;AIS 34;HOMICIDIO DOLOSO;2022-07-20;16:30:00;Quarta;Arma branca;Feminino;68;Alfabetizado;Não Informada
Tianguá;AIS 27;HOMICIDIO DOLOSO;2022-07-20;17:19:59;Quarta;Arma de fogo;Masculino;30;Ensino Médio Incompleto;Não Informada
Cruz;AIS 11;HOMICIDIO DOLOSO;2022-07-20;19:39:59;Quarta;Arma de fogo;Masculino;36;Ensino Fundamental Incompleto;Não Informada
Fortaleza;AIS 06;HOMICIDIO DOLOSO;2022-07-20;23:53:59;Quarta;Arma de fogo;Masculino;24;Ensino Fundamental Incompleto;Não Informada
Fortaleza;AIS 20;HOMICIDIO DOLOSO;2022-07-21;00:29:59;Quinta;Arma de fogo;Masculino;21;Ensino Fundamental Incompleto;Não Informada
Guaiúba;AIS 24;HOMICIDIO DOLOSO;2022-07-21;01:00:00;Quinta;Arma de fogo;Masculino;48;Não Informada;Parda
Mauriti;AIS 32;HOMICIDIO DOLOSO;2022-07-21;06:00:00;Quinta;Arma de fogo;Feminino;46;Não Alfabetizado;Parda
Mauriti;AIS 32;HOMICIDIO DOLOSO;2022-07-21;06:00:00;Quinta;Arma de fogo;Feminino;16;Ensino Fundamental Completo;Não Informada
Pindoretama;AIS 15;HOMICIDIO DOLOSO;2022-07-21;06:15:00;Quinta;Arma de fogo;Feminino;35;Ensino Médio Completo;Não Informada
Pindoretama;AIS 15;HOMICIDIO DOLOSO;2022-07-21;06:15:00;Quinta;Arma de fogo;Masculino;21;Ensino Fundamental Incompleto;Não Informada
Aquiraz;AIS 15;HOMICIDIO DOLOSO;2022-07-21;06:49:59;Quinta;Arma de fogo;Masculino;23;Ensino Fundamental Incompleto;Não Informada
Caucaia;AIS 26;HOMICIDIO DOLOSO;2022-07-21;07:39:59;Quinta;Arma de fogo;Masculino;39;Ensino Fundamental Incompleto;Parda
Fortaleza;AIS 20;HOMICIDIO DOLOSO;2022-07-21;12:40:00;Quinta;Outros meios;Masculino;52;Ensino Fundamental Incompleto;Não Informada
Fortaleza;AIS 06;HOMICIDIO DOLOSO;2022-07-21;17:30:00;Quinta;Outros meios;Masculino;28;Ensino Fundamental Incompleto;Não Informada
Fortaleza;AIS 16;HOMICIDIO DOLOSO;2022-07-21;17:39:00;Quinta;Arma de fogo;Masculino;20;Ensino Médio Incompleto;Parda
Fortaleza;AIS 16;HOMICIDIO DOLOSO;2022-07-21;17:39:00;Quinta;Arma de fogo;Masculino;22;Não Informada;Não Informada
Caucaia;AIS 26;HOMICIDIO DOLOSO;2022-07-21;18:01:00;Quinta;Arma de fogo;Feminino;Não Informada;Não Informada;Não Informada
Horizonte;AIS 25;HOMICIDIO DOLOSO;2022-07-21;20:10:00;Quinta;Arma de fogo;Masculino;23;Alfabetizado;Não Informada
Fortaleza;AIS 06;HOMICIDIO DOLOSO;2022-07-22;00:26:59;Sexta;Outros meios;Masculino;25;Não Informada;Não Informada
Caucaia;AIS 12;HOMICIDIO DOLOSO;2022-07-22;05:47:00;Sexta;Arma de fogo;Masculino;23;Alfabetizado;Não Informada
Caucaia;AIS 26;HOMICIDIO DOLOSO;2022-07-22;09:29:59;Sexta;Arma branca;Masculino;44;Ensino Fundamental Completo;Não Informada
Juazeiro do Norte;AIS 02;HOMICIDIO DOLOSO;2022-07-22;14:30:00;Sexta;Arma de fogo;Masculino;57;Ensino Fundamental Completo;Não Informada
Tianguá;AIS 27;HOMICIDIO DOLOSO;2022-07-22;14:44:59;Sexta;Arma de fogo;Feminino;24;Ensino Fundamental Incompleto;Não Informada
Maracanaú;AIS 14;HOMICIDIO DOLOSO;2022-07-22;18:56:00;Sexta;Arma de fogo;Masculino;27;Alfabetizado;Parda
Fortaleza;AIS 16;HOMICIDIO DOLOSO;2022-07-22;19:15:00;Sexta;Arma de fogo;Feminino;27;Não Informada;Não Informada
Maranguape;AIS 24;HOMICIDIO DOLOSO;2022-07-22;20:30:00;Sexta;Arma de fogo;Masculino;Não Informada;Não Informada;Não Informada
Maranguape;AIS 24;HOMICIDIO DOLOSO;2022-07-22;20:30:00;Sexta;Arma de fogo;Feminino;21;Ensino Fundamental Incompleto;Não Informada
Caucaia;AIS 26;HOMICIDIO DOLOSO;2022-07-22;22:00:00;Sexta;Arma de fogo;Masculino;28;Ensino Fundamental Incompleto;Não Informada
Fortaleza;AIS 16;HOMICIDIO DOLOSO;2022-07-23;08:53:00;Sábado;Arma de fogo;Masculino;Não Informada;Não Informada;Não Informada
Caucaia;AIS 26;HOMICIDIO DOLOSO;2022-07-23;13:30:59;Sábado;Arma de fogo;Masculino;18;Alfabetizado;Não Informada
Maracanaú;AIS 14;HOMICIDIO DOLOSO;2022-07-23;14:35:00;Sábado;Arma de fogo;Masculino;23;Alfabetizado;Parda
Tabuleiro do Norte;AIS 01;HOMICIDIO DOLOSO;2022-07-23;17:39:59;Sábado;Outros meios;Masculino;20;Ensino Fundamental Incompleto;Não Informada
Frecheirinha;AIS 03;HOMICIDIO DOLOSO;2022-07-23;21:00:00;Sábado;Arma branca;Masculino;41;Não Alfabetizado;Parda
Aratuba;AIS 29;HOMICIDIO DOLOSO;2022-07-23;21:00:00;Sábado;Outros meios;Masculino;14;Alfabetizado;Não Informada
Maracanaú;AIS 14;HOMICIDIO DOLOSO;2022-07-23;21:08:00;Sábado;Arma de fogo;Masculino;22;Ensino Médio Completo;Não Informada
Trairi;AIS 23;HOMICIDIO DOLOSO;2022-07-24;00:30:00;Domingo;Arma de fogo;Masculino;20;Alfabetizado;Não Informada
Aquiraz;AIS 15;HOMICIDIO DOLOSO;2022-07-24;02:17:00;Domingo;Arma de fogo;Masculino;47;Alfabetizado;Não Informada
Sobral;AIS 03;HOMICIDIO DOLOSO;2022-07-24;03:30:00;Domingo;Arma de fogo;Masculino;31;Alfabetizado;Parda
Fortaleza;AIS 17;HOMICIDIO DOLOSO;2022-07-24;04:00:00;Domingo;Outros meios;Masculino;55;Alfabetizado;Não Informada
Mombaça;AIS 13;HOMICIDIO DOLOSO;2022-07-24;07:30:00;Domingo;Arma de fogo;Masculino;18;Ensino Fundamental Incompleto;Não Informada
Sobral;AIS 03;HOMICIDIO DOLOSO;2022-07-24;13:50:00;Domingo;Arma de fogo;Masculino;35;Alfabetizado;Parda
Morada Nova;AIS 09;HOMICIDIO DOLOSO;2022-07-24;14:00:00;Domingo;Arma de fogo;Masculino;26;Alfabetizado;Não Informada
Fortaleza;AIS 21;ROUBO SEGUIDO DE MORTE (LATROCINIO);2022-07-24;14:30:00;Domingo;Arma de fogo;Masculino;18;Ensino Médio Completo;Não Informada
Caucaia;AIS 12;HOMICIDIO DOLOSO;2022-07-24;15:40:00;Domingo;Arma branca;Masculino;Não Informada;Não Informada;Não Informada
Cariús;AIS 10;LESAO CORPORAL SEGUIDA DE MORTE;2022-07-24;22:59:59;Domingo;Arma branca;Masculino;38;Ensino Fundamental Completo;Não Informada
São Benedito;AIS 27;HOMICIDIO DOLOSO;2022-07-25;03:00:00;Segunda;Arma de fogo;Masculino;24;Ensino Fundamental Incompleto;Parda
Fortaleza;AIS 21;HOMICIDIO DOLOSO;2022-07-25;09:40:00;Segunda;Arma de fogo;Masculino;27;Ensino Fundamental Completo;Não Informada
Guaiúba;AIS 24;HOMICIDIO DOLOSO;2022-07-25;10:00:00;Segunda;Arma de fogo;Masculino;27;Ensino Fundamental Incompleto;Não Informada
Maranguape;AIS 24;HOMICIDIO DOLOSO;2022-07-25;10:20:00;Segunda;Arma de fogo;Masculino;18;Ensino Fundamental Incompleto;Não Informada
Icapuí;AIS 30;ROUBO SEGUIDO DE MORTE (LATROCINIO);2022-07-25;16:00:00;Segunda;Outros meios;Masculino;43;Não Informada;Não Informada
Abaiara;AIS 32;HOMICIDIO DOLOSO;2022-07-25;19:00:00;Segunda;Arma de fogo;Masculino;31;Ensino Médio Completo;Não Informada
Itarema;AIS 11;HOMICIDIO DOLOSO;2022-07-25;19:14:59;Segunda;Arma de fogo;Masculino;23;Ensino Médio Completo;Não Informada
São Gonçalo do Amarante;AIS 23;FEMINICÍDIO;2022-07-25;19:39:59;Segunda;Arma branca;Feminino;54;Ensino Fundamental Incompleto;Não Informada
Fortaleza;AIS 05;HOMICIDIO DOLOSO;2022-07-25;21:45:00;Segunda;Arma de fogo;Masculino;23;Alfabetizado;Não Informada
Fortaleza;AIS 17;HOMICIDIO DOLOSO;2022-07-25;23:21:00;Segunda;Arma de fogo;Masculino;40;Alfabetizado;Não Informada
Caucaia;AIS 12;HOMICIDIO DOLOSO;2022-07-26;08:10:00;Terça;Arma de fogo;Masculino;53;Alfabetizado;Não Informada
Ocara;AIS 29;HOMICIDIO DOLOSO;2022-07-26;11:00:00;Terça;Arma de fogo;Masculino;33;Ensino Fundamental Completo;Não Informada
Fortaleza;AIS 17;HOMICIDIO DOLOSO;2022-07-26;12:15:00;Terça;Arma de fogo;Masculino;24;Ensino Médio Completo;Parda
Caucaia;AIS 12;HOMICIDIO DOLOSO;2022-07-26;16:07:59;Terça;Arma de fogo;Masculino;56;Não Informada;Branca
Caucaia;AIS 12;HOMICIDIO DOLOSO;2022-07-26;17:30:00;Terça;Arma de fogo;Masculino;20;Ensino Fundamental Completo;Não Informada
Chorozinho;AIS 25;HOMICIDIO DOLOSO;2022-07-26;17:30:00;Terça;Arma de fogo;Masculino;36;Alfabetizado;Não Informada
Caucaia;AIS 26;HOMICIDIO DOLOSO;2022-07-26;19:45:00;Terça;Arma de fogo;Masculino;25;Ensino Fundamental Completo;Não Informada
Fortaleza;AIS 19;HOMICIDIO DOLOSO;2022-07-26;19:59:59;Terça;Arma de fogo;Masculino;34;Ensino Fundamental Incompleto;Não Informada
Boa Viagem;AIS 04;HOMICIDIO DOLOSO;2022-07-27;09:00:00;Quarta;Arma de fogo;Masculino;35;Alfabetizado;Não Informada
Juazeiro do Norte;AIS 02;HOMICIDIO DOLOSO;2022-07-27;11:44:59;Quarta;Arma de fogo;Masculino;50;Alfabetizado;Não Informada
Tianguá;AIS 27;HOMICIDIO DOLOSO;2022-07-27;12:00:00;Quarta;Arma de fogo;Masculino;50;Ensino Médio Incompleto;Não Informada
Fortaleza;AIS 18;HOMICIDIO DOLOSO;2022-07-27;17:24:59;Quarta;Arma branca;Masculino;43;Ensino Fundamental Completo;Não Informada
Sobral;AIS 03;HOMICIDIO DOLOSO;2022-07-27;18:30:00;Quarta;Outros meios;Masculino;44;Alfabetizado;Não Informada
Camocim;AIS 28;LESAO CORPORAL SEGUIDA DE MORTE;2022-07-27;19:00:00;Quarta;Outros meios;Masculino;30;Ensino Fundamental Incompleto;Parda
Fortaleza;AIS 08;HOMICIDIO DOLOSO;2022-07-27;19:34:59;Quarta;Arma de fogo;Masculino;17;Ensino Fundamental Incompleto;Não Informada
Eusébio;AIS 15;HOMICIDIO DOLOSO;2022-07-27;19:39:59;Quarta;Arma de fogo;Masculino;20;Ensino Médio Incompleto;Parda
Fortaleza;AIS 21;ROUBO SEGUIDO DE MORTE (LATROCINIO);2022-07-27;20:10:00;Quarta;Arma de fogo;Masculino;40;Alfabetizado;Não Informada
Fortaleza;AIS 18;HOMICIDIO DOLOSO;2022-07-28;06:11:00;Quinta;Arma de fogo;Masculino;Não Informada;Não Informada;Não Informada
Acopiara;AIS 10;HOMICIDIO DOLOSO;2022-07-28;12:06:00;Quinta;Arma de fogo;Masculino;63;Ensino Fundamental Incompleto;Não Informada
Cedro;AIS 34;HOMICIDIO DOLOSO;2022-07-28;14:30:00;Quinta;Arma branca;Masculino;43;Ensino Fundamental Incompleto;Não Informada
Fortaleza;AIS 06;HOMICIDIO DOLOSO;2022-07-28;22:00:00;Quinta;Arma de fogo;Masculino;21;Não Informada;Não Informada
Fortaleza;AIS 20;HOMICIDIO DOLOSO;2022-07-28;22:59:59;Quinta;Arma de fogo;Masculino;21;Alfabetizado;Não Informada
Tururu;AIS 11;HOMICIDIO DOLOSO;2022-07-28;23:40:00;Quinta;Arma de fogo;Masculino;24;Alfabetizado;Parda
Fortaleza;AIS 16;HOMICIDIO DOLOSO;2022-07-29;00:00:59;Sexta;Arma branca;Feminino;18;Ensino Fundamental Incompleto;Não Informada
Baturité;AIS 29;HOMICIDIO DOLOSO;2022-07-29;01:59:59;Sexta;Arma de fogo;Masculino;27;Alfabetizado;Não Informada
Maracanaú;AIS 14;HOMICIDIO DOLOSO;2022-07-29;05:24:59;Sexta;Arma de fogo;Masculino;26;Ensino Médio Completo;Não Informada
Fortaleza;AIS 17;HOMICIDIO DOLOSO;2022-07-29;06:00:00;Sexta;Arma de fogo;Masculino;18;Não Informada;Não Informada
Fortaleza;AIS 17;HOMICIDIO DOLOSO;2022-07-29;06:04:59;Sexta;Arma de fogo;Masculino;26;Alfabetizado;Não Informada
Miraíma;AIS 11;HOMICIDIO DOLOSO;2022-07-29;13:00:00;Sexta;Arma de fogo;Masculino;39;Não Informada;Parda
Tianguá;AIS 27;HOMICIDIO DOLOSO;2022-07-29;19:59:59;Sexta;Arma de fogo;Masculino;44;Não Informada;Não Informada
Limoeiro do Norte;AIS 01;HOMICIDIO DOLOSO;2022-07-29;20:40:00;Sexta;Arma de fogo;Masculino;17;Ensino Fundamental Incompleto;Não Informada
Aquiraz;AIS 15;HOMICIDIO DOLOSO;2022-07-29;22:30:00;Sexta;Arma de fogo;Masculino;25;Ensino Fundamental Completo;Parda
Crato;AIS 02;HOMICIDIO DOLOSO;2022-07-30;00:45:00;Sábado;Arma de fogo;Masculino;23;Não Informada;Parda
Aracoiaba;AIS 29;HOMICIDIO DOLOSO;2022-07-30;01:00:00;Sábado;Arma de fogo;Masculino;24;Ensino Fundamental Completo;Não Informada
Fortaleza;AIS 20;HOMICIDIO DOLOSO;2022-07-30;04:00:00;Sábado;Arma de fogo;Masculino;26;Não Informada;Não Informada
Fortaleza;AIS 06;HOMICIDIO DOLOSO;2022-07-30;05:39:00;Sábado;Arma de fogo;Masculino;34;Não Informada;Não Informada
Pacatuba;AIS 24;ROUBO SEGUIDO DE MORTE (LATROCINIO);2022-07-30;07:59:59;Sábado;Arma de fogo;Masculino;63;Alfabetizado;Não Informada
Aracoiaba;AIS 29;HOMICIDIO DOLOSO;2022-07-30;12:04:59;Sábado;Arma de fogo;Masculino;42;Ensino Médio Completo;Não Informada
Pindoretama;AIS 15;HOMICIDIO DOLOSO;2022-07-30;15:29:59;Sábado;Arma branca;Masculino;47;Alfabetizado;Branca
Acaraú;AIS 11;HOMICIDIO DOLOSO;2022-07-30;17:12:00;Sábado;Arma de fogo;Masculino;37;Não Alfabetizado;Parda
Maracanaú;AIS 14;HOMICIDIO DOLOSO;2022-07-31;01:20:00;Domingo;Arma de fogo;Masculino;33;Ensino Fundamental Incompleto;Não Informada
Maranguape;AIS 24;HOMICIDIO DOLOSO;2022-07-31;02:56:00;Domingo;Arma de fogo;Masculino;34;Ensino Médio Completo;Não Informada
Boa Viagem;AIS 04;HOMICIDIO DOLOSO;2022-07-31;03:00:00;Domingo;Arma branca;Masculino;32;Ensino Médio Completo;Não Informada
Maracanaú;AIS 14;HOMICIDIO DOLOSO;2022-07-31;03:19:59;Domingo;Arma de fogo;Masculino;Não Informada;Não Informada;Não Informada
Fortaleza;AIS 19;HOMICIDIO DOLOSO;2022-07-31;05:19:59;Domingo;Arma de fogo;Feminino;24;Ensino Médio Incompleto;Parda
Fortaleza;AIS 19;HOMICIDIO DOLOSO;2022-07-31;05:19:59;Domingo;Arma de fogo;Masculino;30;Alfabetizado;Não Informada
Paracuru;AIS 23;HOMICIDIO DOLOSO;2022-07-31;08:45:00;Domingo;Arma de fogo;Masculino;16;Não Informada;Parda
Caucaia;AIS 26;HOMICIDIO DOLOSO;2022-07-31;09:17:00;Domingo;Arma de fogo;Masculino;59;Alfabetizado;Não Informada
Juazeiro do Norte;AIS 02;FEMINICÍDIO;2022-07-31;10:59:59;Domingo;Outros meios;Feminino;27;Alfabetizado;Não Informada
Fortaleza;AIS 18;HOMICIDIO DOLOSO;2022-07-31;21:00:00;Domingo;Arma de fogo;Masculino;23;Ensino Fundamental Incompleto;Não Informada
Fortaleza;AIS 22;HOMICIDIO DOLOSO;2022-07-31;22:14:59;Domingo;Arma de fogo;Masculino;33;Superior Incompleto;Não Informada
Quixeré;AIS 01;HOMICIDIO DOLOSO;2022-07-31;22:39:59;Domingo;Arma de fogo;Masculino;22;Ensino Fundamental Completo;Não Informada
Quixeré;AIS 01;HOMICIDIO DOLOSO;2022-07-31;22:39:59;Domingo;Arma de fogo;Masculino;23;Alfabetizado;Não Informada
Jaguaribara;AIS 31;HOMICIDIO DOLOSO;2022-08-01;05:30:00;Segunda;Arma de fogo;Masculino;19;Ensino Fundamental Completo;Não Informada
Fortaleza;AIS 22;HOMICIDIO DOLOSO;2022-08-01;11:51:59;Segunda;Arma de fogo;Masculino;20;Não Informada;Não Informada
Cedro;AIS 34;HOMICIDIO DOLOSO;2022-08-01;14:30:00;Segunda;Arma de fogo;Masculino;31;Ensino Fundamental Incompleto;Não Informada
Fortaleza;AIS 19;HOMICIDIO DOLOSO;2022-08-01;17:39:59;Segunda;Arma de fogo;Masculino;20;Ensino Fundamental Incompleto;Não Informada
Brejo Santo;AIS 32;HOMICIDIO DOLOSO;2022-08-01;19:40:00;Segunda;Arma de fogo;Masculino;40;Superior Incompleto;Não Informada
Cariré;AIS 03;HOMICIDIO DOLOSO;2022-08-01;20:12:00;Segunda;Arma de fogo;Masculino;48;Não Informada;Branca
Limoeiro do Norte;AIS 01;HOMICIDIO DOLOSO;2022-08-02;03:00:00;Terça;Arma de fogo;Masculino;19;Ensino Médio Incompleto;Não Informada
Fortaleza;AIS 21;HOMICIDIO DOLOSO;2022-08-02;09:40:00;Terça;Outros meios;Masculino;20;Alfabetizado;Não Informada
Amontada;AIS 11;HOMICIDIO DOLOSO;2022-08-02;12:40:00;Terça;Arma de fogo;Masculino;32;Ensino Fundamental Completo;Não Informada
Fortaleza;AIS 16;HOMICIDIO DOLOSO;2022-08-02;20:08:59;Terça;Arma de fogo;Masculino;22;Alfabetizado;Não Informada
Fortaleza;AIS 21;HOMICIDIO DOLOSO;2022-08-02;22:59:59;Terça;Arma de fogo;Masculino;22;Alfabetizado;Não Informada
São Benedito;AIS 27;HOMICIDIO DOLOSO;2022-08-03;04:59:59;Quarta;Outros meios;Masculino;31;Ensino Fundamental Completo;Não Informada
Trairi;AIS 23;HOMICIDIO DOLOSO;2022-08-04;01:00:00;Quinta;Arma de fogo;Masculino;20;Ensino Médio Incompleto;Parda
Maranguape;AIS 24;HOMICIDIO DOLOSO;2022-08-04;01:48:59;Quinta;Arma de fogo;Feminino;38;Ensino Médio Completo;Não Informada
Fortaleza;AIS 16;HOMICIDIO DOLOSO;2022-08-04;10:09:59;Quinta;Arma de fogo;Masculino;17;Ensino Fundamental Incompleto;Não Informada
Fortaleza;AIS 16;HOMICIDIO DOLOSO;2022-08-04;18:00:00;Quinta;Arma branca;Masculino;23;Não Informada;Não Informada
Maranguape;AIS 24;HOMICIDIO DOLOSO;2022-08-04;19:30:00;Quinta;Arma de fogo;Masculino;42;Ensino Fundamental Incompleto;Não Informada
Chaval;AIS 28;HOMICIDIO DOLOSO;2022-08-04;20:30:00;Quinta;Arma de fogo;Masculino;35;Alfabetizado;Preta
Fortaleza;AIS 18;HOMICIDIO DOLOSO;2022-08-04;23:30:00;Quinta;Arma de fogo;Masculino;25;Ensino Fundamental Completo;Não Informada
Fortaleza;AIS 18;HOMICIDIO DOLOSO;2022-08-05;07:09:59;Sexta;Arma de fogo;Masculino;33;Ensino Fundamental Completo;Branca
Independência;AIS 07;HOMICIDIO DOLOSO;2022-08-05;10:48:00;Sexta;Arma de fogo;Masculino;23;Ensino Médio Incompleto;Não Informada
Iguatu;AIS 10;HOMICIDIO DOLOSO;2022-08-05;13:00:00;Sexta;Arma de fogo;Masculino;29;Ensino Fundamental Incompleto;Indígena
Horizonte;AIS 25;HOMICIDIO DOLOSO;2022-08-05;13:59:59;Sexta;Arma de fogo;Masculino;44;Superior Completo;Branca
Fortaleza;AIS 05;HOMICIDIO DOLOSO;2022-08-05;18:29:59;Sexta;Arma de fogo;Masculino;18;Não Alfabetizado;Não Informada
Pentecoste;AIS 11;HOMICIDIO DOLOSO;2022-08-05;19:40:00;Sexta;Arma de fogo;Feminino;36;Ensino Fundamental Incompleto;Não Informada
Pacajus;AIS 25;HOMICIDIO DOLOSO;2022-08-05;21:00:00;Sexta;Arma de fogo;Masculino;31;Ensino Fundamental Incompleto;Parda
Juazeiro do Norte;AIS 02;HOMICIDIO DOLOSO;2022-08-05;21:45:00;Sexta;Arma de fogo;Masculino;16;Ensino Fundamental Incompleto;Não Informada
Trairi;AIS 23;HOMICIDIO DOLOSO;2022-08-05;22:10:00;Sexta;Arma de fogo;Masculino;22;Alfabetizado;Não Informada
Aracati;AIS 30;HOMICIDIO DOLOSO;2022-08-05;23:19:59;Sexta;Arma de fogo;Masculino;34;Alfabetizado;Não Informada
Viçosa do Ceará;AIS 27;HOMICIDIO DOLOSO;2022-08-06;01:00:00;Sábado;Arma de fogo;Masculino;25;Alfabetizado;Não Informada
Juazeiro do Norte;AIS 02;HOMICIDIO DOLOSO;2022-08-06;03:00:00;Sábado;Arma de fogo;Masculino;27;Ensino Médio Completo;Parda
Juazeiro do Norte;AIS 02;HOMICIDIO DOLOSO;2022-08-06;03:00:00;Sábado;Arma de fogo;Masculino;31;Alfabetizado;Não Informada
Tianguá;AIS 27;HOMICIDIO DOLOSO;2022-08-06;07:00:00;Sábado;Arma branca;Masculino;25;Ensino Fundamental Incompleto;Não Informada
Fortaleza;AIS 17;HOMICIDIO DOLOSO;2022-08-06;11:14:00;Sábado;Arma de fogo;Masculino;31;Ensino Fundamental Incompleto;Não Informada
Aracati;AIS 30;HOMICIDIO DOLOSO;2022-08-06;13:27:00;Sábado;Arma branca;Masculino;49;Não Informada;Não Informada
Paracuru;AIS 23;HOMICIDIO DOLOSO;2022-08-06;21:00:00;Sábado;Arma de fogo;Masculino;22;Ensino Médio Incompleto;Não Informada
Icapuí;AIS 30;HOMICIDIO DOLOSO;2022-08-06;21:00:00;Sábado;Arma branca;Masculino;65;Alfabetizado;Não Informada
Jijoca de Jericoacoara;AIS 11;HOMICIDIO DOLOSO;2022-08-06;23:40:00;Sábado;Arma de fogo;Masculino;27;Alfabetizado;Não Informada
Trairi;AIS 23;HOMICIDIO DOLOSO;2022-08-07;00:10:00;Domingo;Arma de fogo;Masculino;14;Ensino Fundamental Incompleto;Parda
Trairi;AIS 23;HOMICIDIO DOLOSO;2022-08-07;00:10:00;Domingo;Arma de fogo;Masculino;19;Ensino Fundamental Incompleto;Parda
Maranguape;AIS 24;HOMICIDIO DOLOSO;2022-08-07;02:38:00;Domingo;Arma de fogo;Masculino;31;Ensino Médio Incompleto;Não Informada
Fortim;AIS 30;HOMICIDIO DOLOSO;2022-08-07;03:19:59;Domingo;Outros meios;Feminino;32;Ensino Fundamental Completo;Parda
Varjota;AIS 07;HOMICIDIO DOLOSO;2022-08-07;03:30:00;Domingo;Arma de fogo;Masculino;27;Ensino Fundamental Incompleto;Parda
Juazeiro do Norte;AIS 02;HOMICIDIO DOLOSO;2022-08-07;07:00:00;Domingo;Arma de fogo;Masculino;42;Alfabetizado;Não Informada
Cascavel;AIS 15;HOMICIDIO DOLOSO;2022-08-07;08:30:00;Domingo;Arma de fogo;Masculino;47;Não Informada;Não Informada
Morada Nova;AIS 09;HOMICIDIO DOLOSO;2022-08-07;09:00:00;Domingo;Arma de fogo;Masculino;45;Alfabetizado;Não Informada
Mauriti;AIS 32;HOMICIDIO DOLOSO;2022-08-07;10:40:00;Domingo;Arma de fogo;Masculino;40;Alfabetizado;Branca
Aquiraz;AIS 15;HOMICIDIO DOLOSO;2022-08-07;11:40:00;Domingo;Arma de fogo;Masculino;49;Alfabetizado;Parda
Tabuleiro do Norte;AIS 01;HOMICIDIO DOLOSO;2022-08-07;12:00:00;Domingo;Arma de fogo;Masculino;36;Alfabetizado;Não Informada
Ibaretama;AIS 09;HOMICIDIO DOLOSO;2022-08-07;16:30:00;Domingo;Arma de fogo;Masculino;34;Alfabetizado;Não Informada
Pindoretama;AIS 15;HOMICIDIO DOLOSO;2022-08-07;17:19:59;Domingo;Arma branca;Masculino;50;Alfabetizado;Não Informada
Mauriti;AIS 32;HOMICIDIO DOLOSO;2022-08-07;20:00:00;Domingo;Arma de fogo;Masculino;38;Ensino Fundamental Completo;Não Informada
Trairi;AIS 23;HOMICIDIO DOLOSO;2022-08-07;23:30:00;Domingo;Arma de fogo;Masculino;18;Ensino Fundamental Incompleto;Não Informada
São João do Jaguaribe;AIS 01;HOMICIDIO DOLOSO;2022-08-08;01:00:00;Segunda;Arma branca;Feminino;43;Alfabetizado;Não Informada
São João do Jaguaribe;AIS 01;HOMICIDIO DOLOSO;2022-08-08;01:00:00;Segunda;Arma branca;Feminino;48;Alfabetizado;Não Informada
Itaitinga;AIS 25;HOMICIDIO DOLOSO;2022-08-08;01:23:00;Segunda;Arma de fogo;Masculino;23;Alfabetizado;Não Informada
Acaraú;AIS 11;HOMICIDIO DOLOSO;2022-08-08;04:00:00;Segunda;Arma de fogo;Masculino;32;Ensino Médio Completo;Não Informada
Acaraú;AIS 11;HOMICIDIO DOLOSO;2022-08-08;04:00:00;Segunda;Arma de fogo;Masculino;26;Ensino Médio Completo;Não Informada
Caucaia;AIS 12;HOMICIDIO DOLOSO;2022-08-08;04:23:00;Segunda;Arma de fogo;Masculino;65;Não Alfabetizado;Não Informada
Fortaleza;AIS 19;HOMICIDIO DOLOSO;2022-08-08;09:40:00;Segunda;Arma branca;Masculino;46;Superior Incompleto;Não Informada
Canindé;AIS 04;HOMICIDIO DOLOSO;2022-08-08;12:30:00;Segunda;Arma branca;Masculino;35;Ensino Fundamental Incompleto;Não Informada
Tamboril;AIS 07;HOMICIDIO DOLOSO;2022-08-08;13:30:00;Segunda;Arma de fogo;Masculino;35;Ensino Médio Completo;Parda
Maracanaú;AIS 14;HOMICIDIO DOLOSO;2022-08-08;17:28:59;Segunda;Arma de fogo;Masculino;44;Não Alfabetizado;Não Informada
Juazeiro do Norte;AIS 02;HOMICIDIO DOLOSO;2022-08-08;20:10:00;Segunda;Arma branca;Masculino;51;Alfabetizado;Preta
Tianguá;AIS 27;HOMICIDIO DOLOSO;2022-08-08;20:39:59;Segunda;Arma de fogo;Masculino;35;Alfabetizado;Não Informada
Aracoiaba;AIS 29;HOMICIDIO DOLOSO;2022-08-09;14:00:00;Terça;Arma de fogo;Masculino;33;Alfabetizado;Não Informada
Horizonte;AIS 25;HOMICIDIO DOLOSO;2022-08-09;15:00:00;Terça;Arma de fogo;Masculino;17;Alfabetizado;Branca
Iguatu;AIS 10;HOMICIDIO DOLOSO;2022-08-09;16:30:00;Terça;Arma branca;Masculino;16;Alfabetizado;Branca
Maranguape;AIS 24;HOMICIDIO DOLOSO;2022-08-09;18:45:00;Terça;Arma de fogo;Masculino;26;Alfabetizado;Parda
Fortaleza;AIS 06;HOMICIDIO DOLOSO;2022-08-09;19:00:00;Terça;Arma de fogo;Masculino;24;Alfabetizado;Parda
Aquiraz;AIS 15;HOMICIDIO DOLOSO;2022-08-09;19:00:00;Terça;Arma de fogo;Masculino;22;Ensino Fundamental Completo;Não Informada
Limoeiro do Norte;AIS 01;HOMICIDIO DOLOSO;2022-08-09;20:30:00;Terça;Outros meios;Feminino;18;Ensino Fundamental Incompleto;Não Informada
Tianguá;AIS 27;HOMICIDIO DOLOSO;2022-08-09;20:30:00;Terça;Arma de fogo;Masculino;28;Alfabetizado;Parda
Fortaleza;AIS 18;HOMICIDIO DOLOSO;2022-08-09;21:38:59;Terça;Arma de fogo;Masculino;16;Não Informada;Não Informada
Caucaia;AIS 12;HOMICIDIO DOLOSO;2022-08-10;03:00:00;Quarta;Arma de fogo;Masculino;21;Ensino Médio Incompleto;Não Informada
Caucaia;AIS 12;HOMICIDIO DOLOSO;2022-08-10;03:00:00;Quarta;Arma de fogo;Masculino;17;Ensino Médio Incompleto;Não Informada
Fortaleza;AIS 18;HOMICIDIO DOLOSO;2022-08-10;09:00:00;Quarta;Arma de fogo;Masculino;26;Não Informada;Parda
Itaitinga;AIS 25;HOMICIDIO DOLOSO;2022-08-10;09:00:00;Quarta;Arma de fogo;Masculino;27;Alfabetizado;Não Informada
Aracoiaba;AIS 29;HOMICIDIO DOLOSO;2022-08-10;10:25:00;Quarta;Arma de fogo;Masculino;35;Alfabetizado;Preta
Limoeiro do Norte;AIS 01;HOMICIDIO DOLOSO;2022-08-10;12:49:59;Quarta;Arma de fogo;Masculino;29;Ensino Fundamental Completo;Não Informada
Fortaleza;AIS 16;HOMICIDIO DOLOSO;2022-08-10;16:00:00;Quarta;Arma de fogo;Masculino;41;Ensino Médio Completo;Não Informada
Amontada;AIS 11;HOMICIDIO DOLOSO;2022-08-10;19:20:00;Quarta;Arma de fogo;Masculino;38;Ensino Fundamental Completo;Branca
Maracanaú;AIS 14;HOMICIDIO DOLOSO;2022-08-10;19:59:59;Quarta;Arma de fogo;Masculino;23;Ensino Fundamental Incompleto;Não Informada
Fortaleza;AIS 08;HOMICIDIO DOLOSO;2022-08-11;00:29:59;Quinta;Arma de fogo;Masculino;19;Alfabetizado;Parda
Russas;AIS 01;HOMICIDIO DOLOSO;2022-08-11;13:30:00;Quinta;Arma de fogo;Masculino;22;Ensino Fundamental Incompleto;Não Informada
Fortaleza;AIS 17;HOMICIDIO DOLOSO;2022-08-11;17:30:00;Quinta;Arma de fogo;Masculino;16;Alfabetizado;Parda
Jucás;AIS 10;HOMICIDIO DOLOSO;2022-08-11;19:00:00;Quinta;Arma de fogo;Masculino;28;Alfabetizado;Não Informada
Maracanaú;AIS 14;HOMICIDIO DOLOSO;2022-08-11;19:50:00;Quinta;Arma de fogo;Masculino;33;Ensino Fundamental Completo;Parda
Juazeiro do Norte;AIS 02;HOMICIDIO DOLOSO;2022-08-11;22:31:00;Quinta;Arma de fogo;Masculino;22;Alfabetizado;Não Informada
Tianguá;AIS 27;HOMICIDIO DOLOSO;2022-08-12;01:00:00;Sexta;Arma de fogo;Masculino;24;Alfabetizado;Parda
Tianguá;AIS 27;HOMICIDIO DOLOSO;2022-08-12;01:00:00;Sexta;Arma de fogo;Masculino;38;Não Alfabetizado;Não Informada
Caucaia;AIS 26;HOMICIDIO DOLOSO;2022-08-12;12:00:00;Sexta;Arma de fogo;Masculino;33;Ensino Médio Completo;Preta
Itapiúna;AIS 29;HOMICIDIO DOLOSO;2022-08-12;14:30:00;Sexta;Arma de fogo;Masculino;25;Ensino Fundamental Completo;Parda
Fortaleza;AIS 06;HOMICIDIO DOLOSO;2022-08-12;14:43:00;Sexta;Arma de fogo;Masculino;15;Ensino Fundamental Completo;Não Informada
Chorozinho;AIS 25;HOMICIDIO DOLOSO;2022-08-12;16:30:00;Sexta;Arma de fogo;Masculino;33;Ensino Fundamental Completo;Não Informada
Fortaleza;AIS 16;HOMICIDIO DOLOSO;2022-08-12;17:02:00;Sexta;Arma de fogo;Masculino;15;Ensino Fundamental Incompleto;Não Informada
Jaguaribara;AIS 31;HOMICIDIO DOLOSO;2022-08-12;19:15:00;Sexta;Arma de fogo;Masculino;21;Alfabetizado;Não Informada
Fortaleza;AIS 18;HOMICIDIO DOLOSO;2022-08-12;19:56:59;Sexta;Arma de fogo;Masculino;35;Alfabetizado;Não Informada
Mulungu;AIS 29;HOMICIDIO DOLOSO;2022-08-12;20:50:00;Sexta;Arma de fogo;Masculino;24;Alfabetizado;Parda
Parambu;AIS 13;HOMICIDIO DOLOSO;2022-08-13;00:00:00;Sábado;Arma de fogo;Masculino;28;Não Informada;Não Informada
Fortaleza;AIS 20;HOMICIDIO DOLOSO;2022-08-13;00:40:00;Sábado;Arma de fogo;Masculino;34;Ensino Fundamental Incompleto;Não Informada
Itaitinga;AIS 25;HOMICIDIO DOLOSO;2022-08-13;00:40:00;Sábado;Arma branca;Masculino;23;Alfabetizado;Não Informada
Trairi;AIS 23;HOMICIDIO DOLOSO;2022-08-13;06:30:00;Sábado;Arma branca;Masculino;53;Ensino Fundamental Completo;Não Informada
Fortaleza;AIS 05;HOMICIDIO DOLOSO;2022-08-13;08:01:00;Sábado;Arma branca;Masculino;17;Não Alfabetizado;Não Informada
Nova Russas;AIS 07;HOMICIDIO DOLOSO;2022-08-13;12:00:00;Sábado;Arma de fogo;Masculino;40;Alfabetizado;Não Informada
Icó;AIS 34;HOMICIDIO DOLOSO;2022-08-13;17:34:59;Sábado;Outros meios;Feminino;48;Não Informada;Não Informada
Pacajus;AIS 25;HOMICIDIO DOLOSO;2022-08-13;18:00:00;Sábado;Arma de fogo;Masculino;35;Ensino Fundamental Incompleto;Não Informada
Salitre;AIS 33;HOMICIDIO DOLOSO;2022-08-13;20:41:59;Sábado;Arma de fogo;Masculino;26;Alfabetizado;Não Informada
Paracuru;AIS 23;HOMICIDIO DOLOSO;2022-08-14;06:00:00;Domingo;Arma branca;Masculino;47;Não Alfabetizado;Preta
Fortaleza;AIS 16;HOMICIDIO DOLOSO;2022-08-14;06:04:00;Domingo;Arma de fogo;Masculino;20;Ensino Fundamental Incompleto;Preta
Fortaleza;AIS 16;HOMICIDIO DOLOSO;2022-08-14;07:13:00;Domingo;Arma de fogo;Masculino;21;Ensino Fundamental Completo;Não Informada
Caucaia;AIS 26;HOMICIDIO DOLOSO;2022-08-14;13:20:00;Domingo;Arma de fogo;Feminino;45;Não Alfabetizado;Não Informada
Sobral;AIS 03;HOMICIDIO DOLOSO;2022-08-14;16:40:00;Domingo;Arma branca;Masculino;39;Não Informada;Não Informada
Fortaleza;AIS 22;HOMICIDIO DOLOSO;2022-08-14;16:59:59;Domingo;Arma de fogo;Masculino;18;Não Informada;Não Informada
Fortaleza;AIS 20;HOMICIDIO DOLOSO;2022-08-14;20:00:00;Domingo;Arma de fogo;Masculino;23;Ensino Fundamental Completo;Não Informada
Itapipoca;AIS 11;HOMICIDIO DOLOSO;2022-08-14;22:00:00;Domingo;Arma branca;Masculino;46;Não Alfabetizado;Parda
Nova Russas;AIS 07;HOMICIDIO DOLOSO;2022-08-15;01:20:00;Segunda;Arma branca;Masculino;23;Alfabetizado;Não Informada
Jijoca de Jericoacoara;AIS 11;HOMICIDIO DOLOSO;2022-08-15;16:30:00;Segunda;Arma de fogo;Masculino;24;Não Informada;Parda
Cascavel;AIS 15;HOMICIDIO DOLOSO;2022-08-15;21:19:59;Segunda;Arma de fogo;Masculino;35;Ensino Médio Completo;Não Informada
Cascavel;AIS 15;HOMICIDIO DOLOSO;2022-08-15;21:19:59;Segunda;Arma de fogo;Masculino;26;Ensino Fundamental Incompleto;Não Informada
Uruoca;AIS 28;HOMICIDIO DOLOSO;2022-08-15;22:30:00;Segunda;Arma de fogo;Masculino;22;Alfabetizado;Não Informada
Fortaleza;AIS 20;HOMICIDIO DOLOSO;2022-08-16;00:00:59;Terça;Outros meios;Masculino;18;Ensino Fundamental Completo;Parda
Sobral;AIS 03;ROUBO SEGUIDO DE MORTE (LATROCINIO);2022-08-16;01:00:00;Terça;Arma de fogo;Masculino;36;Ensino Fundamental Completo;Parda
Milagres;AIS 32;HOMICIDIO DOLOSO;2022-08-16;06:40:00;Terça;Arma de fogo;Masculino;48;Ensino Fundamental Incompleto;Não Informada
Maracanaú;AIS 14;HOMICIDIO DOLOSO;2022-08-16;06:40:00;Terça;Arma de fogo;Masculino;27;Ensino Fundamental Incompleto;Parda
Sobral;AIS 03;HOMICIDIO DOLOSO;2022-08-16;10:59:59;Terça;Arma de fogo;Masculino;18;Não Informada;Não Informada
Pacajus;AIS 25;HOMICIDIO DOLOSO;2022-08-16;11:35:59;Terça;Arma de fogo;Masculino;16;Ensino Fundamental Incompleto;Não Informada
Pacajus;AIS 25;HOMICIDIO DOLOSO;2022-08-16;11:35:59;Terça;Arma de fogo;Masculino;16;Ensino Fundamental Incompleto;Não Informada
Cascavel;AIS 15;HOMICIDIO DOLOSO;2022-08-16;17:19:59;Terça;Arma de fogo;Masculino;24;Alfabetizado;Não Informada
Ibicuitinga;AIS 09;HOMICIDIO DOLOSO;2022-08-16;19:20:00;Terça;Arma de fogo;Masculino;19;Alfabetizado;Não Informada
Quixadá;AIS 09;HOMICIDIO DOLOSO;2022-08-16;22:30:00;Terça;Arma de fogo;Masculino;36;Superior Completo;Parda
Orós;AIS 34;HOMICIDIO DOLOSO;2022-08-17;03:00:00;Quarta;Arma branca;Masculino;30;Alfabetizado;Branca
Maracanaú;AIS 14;HOMICIDIO DOLOSO;2022-08-17;12:29:59;Quarta;Arma de fogo;Masculino;30;Ensino Médio Incompleto;Não Informada
Aquiraz;AIS 15;HOMICIDIO DOLOSO;2022-08-17;12:44:00;Quarta;Arma branca;Masculino;33;Ensino Fundamental Incompleto;Não Informada
Fortaleza;AIS 19;HOMICIDIO DOLOSO;2022-08-17;16:52:00;Quarta;Arma branca;Masculino;18;Ensino Médio Incompleto;Não Informada
Caucaia;AIS 26;HOMICIDIO DOLOSO;2022-08-17;17:44:59;Quarta;Arma de fogo;Masculino;25;Ensino Fundamental Completo;Não Informada
Palmácia;AIS 29;HOMICIDIO DOLOSO;2022-08-17;18:20:00;Quarta;Arma de fogo;Masculino;44;Alfabetizado;Não Informada
Alto Santo;AIS 31;HOMICIDIO DOLOSO;2022-08-17;23:19:59;Quarta;Arma de fogo;Masculino;29;Ensino Fundamental Incompleto;Parda
Paramoti;AIS 04;HOMICIDIO DOLOSO;2022-08-18;04:00:00;Quinta;Arma de fogo;Feminino;19;Ensino Fundamental Incompleto;Não Informada
Morada Nova;AIS 09;HOMICIDIO DOLOSO;2022-08-18;16:40:00;Quinta;Arma de fogo;Masculino;29;Ensino Fundamental Completo;Não Informada
Fortaleza;AIS 19;HOMICIDIO DOLOSO;2022-08-18;16:48:59;Quinta;Arma de fogo;Masculino;72;Ensino Médio Completo;Não Informada
Fortaleza;AIS 16;HOMICIDIO DOLOSO;2022-08-18;19:59:59;Quinta;Arma de fogo;Masculino;35;Ensino Fundamental Incompleto;Não Informada
Paraipaba;AIS 23;HOMICIDIO DOLOSO;2022-08-18;21:52:00;Quinta;Outros meios;Masculino;39;Alfabetizado;Não Informada
Fortaleza;AIS 17;HOMICIDIO DOLOSO;2022-08-19;01:00:00;Sexta;Arma de fogo;Masculino;15;Ensino Fundamental Incompleto;Não Informada
Coreaú;AIS 03;HOMICIDIO DOLOSO;2022-08-19;04:15:00;Sexta;Arma de fogo;Masculino;64;Alfabetizado;Branca
Fortaleza;AIS 16;HOMICIDIO DOLOSO;2022-08-19;09:00:00;Sexta;Arma de fogo;Masculino;15;Não Informada;Não Informada
Acaraú;AIS 11;HOMICIDIO DOLOSO;2022-08-19;13:59:59;Sexta;Arma branca;Masculino;27;Ensino Médio Incompleto;Parda
Fortaleza;AIS 19;HOMICIDIO DOLOSO;2022-08-19;15:00:00;Sexta;Arma de fogo;Masculino;Não Informada;Não Informada;Não Informada
Fortaleza;AIS 21;HOMICIDIO DOLOSO;2022-08-19;17:10:00;Sexta;Arma de fogo;Masculino;23;Ensino Médio Completo;Branca
Limoeiro do Norte;AIS 01;HOMICIDIO DOLOSO;2022-08-19;18:40:00;Sexta;Arma de fogo;Masculino;18;Ensino Fundamental Completo;Não Informada
Limoeiro do Norte;AIS 01;HOMICIDIO DOLOSO;2022-08-19;18:40:00;Sexta;Arma de fogo;Masculino;21;Alfabetizado;Não Informada
Forquilha;AIS 03;HOMICIDIO DOLOSO;2022-08-19;19:45:00;Sexta;Arma de fogo;Masculino;18;Alfabetizado;Não Informada
Fortaleza;AIS 21;HOMICIDIO DOLOSO;2022-08-19;21:00:00;Sexta;Arma de fogo;Masculino;24;Ensino Fundamental Completo;Não Informada
Quixadá;AIS 09;HOMICIDIO DOLOSO;2022-08-19;23:30:00;Sexta;Arma branca;Masculino;39;Alfabetizado;Não Informada
Brejo Santo;AIS 32;HOMICIDIO DOLOSO;2022-08-20;00:00:00;Sábado;Arma branca;Masculino;20;Ensino Fundamental Incompleto;Não Informada
Fortaleza;AIS 17;HOMICIDIO DOLOSO;2022-08-20;02:30:00;Sábado;Arma de fogo;Masculino;24;Alfabetizado;Não Informada
Fortaleza;AIS 20;FEMINICÍDIO;2022-08-20;08:00:00;Sábado;Arma de fogo;Feminino;43;Não Informada;Não Informada
Maracanaú;AIS 14;HOMICIDIO DOLOSO;2022-08-20;09:54:59;Sábado;Arma de fogo;Masculino;25;Ensino Fundamental Incompleto;Não Informada
Mulungu;AIS 29;HOMICIDIO DOLOSO;2022-08-20;12:00:00;Sábado;Arma de fogo;Feminino;18;Alfabetizado;Parda
Mulungu;AIS 29;HOMICIDIO DOLOSO;2022-08-20;12:00:00;Sábado;Arma de fogo;Masculino;24;Ensino Fundamental Incompleto;Parda
Fortaleza;AIS 18;HOMICIDIO DOLOSO;2022-08-20;13:09:59;Sábado;Arma de fogo;Masculino;18;Ensino Fundamental Incompleto;Parda
Fortaleza;AIS 22;HOMICIDIO DOLOSO;2022-08-20;13:59:59;Sábado;Arma de fogo;Masculino;18;Não Informada;Não Informada
Mulungu;AIS 29;HOMICIDIO DOLOSO;2022-08-20;15:00:00;Sábado;Arma de fogo;Masculino;23;Alfabetizado;Parda
Cascavel;AIS 15;HOMICIDIO DOLOSO;2022-08-20;17:30:00;Sábado;Arma de fogo;Masculino;37;Ensino Fundamental Incompleto;Branca
Cascavel;AIS 15;HOMICIDIO DOLOSO;2022-08-20;17:30:00;Sábado;Arma de fogo;Masculino;26;Ensino Médio Completo;Não Informada
Mauriti;AIS 32;HOMICIDIO DOLOSO;2022-08-20;19:30:00;Sábado;Arma branca;Masculino;29;Alfabetizado;Não Informada
Cedro;AIS 34;HOMICIDIO DOLOSO;2022-08-20;20:42:59;Sábado;Arma de fogo;Masculino;Não Informada;Não Informada;Não Informada
Cedro;AIS 34;HOMICIDIO DOLOSO;2022-08-20;20:43:00;Sábado;Arma de fogo;Masculino;36;Não Alfabetizado;Não Informada
Ubajara;AIS 27;HOMICIDIO DOLOSO;2022-08-20;21:00:00;Sábado;Arma branca;Masculino;28;Ensino Médio Incompleto;Não Informada
Fortaleza;AIS 18;HOMICIDIO DOLOSO;2022-08-20;22:00:00;Sábado;Arma de fogo;Masculino;0;Não Informada;Não Informada
Iguatu;AIS 10;HOMICIDIO DOLOSO;2022-08-21;06:40:00;Domingo;Arma de fogo;Masculino;28;Alfabetizado;Não Informada
Araripe;AIS 33;HOMICIDIO DOLOSO;2022-08-21;07:09:59;Domingo;Arma branca;Feminino;63;Não Alfabetizado;Branca
Boa Viagem;AIS 04;HOMICIDIO DOLOSO;2022-08-21;12:30:00;Domingo;Arma de fogo;Masculino;36;Não Informada;Não Informada
Guaraciaba do Norte;AIS 27;HOMICIDIO DOLOSO;2022-08-21;13:14:59;Domingo;Arma branca;Masculino;26;Alfabetizado;Parda
Horizonte;AIS 25;HOMICIDIO DOLOSO;2022-08-21;13:30:00;Domingo;Arma de fogo;Masculino;30;Não Alfabetizado;Preta
Fortaleza;AIS 16;HOMICIDIO DOLOSO;2022-08-21;19:00:00;Domingo;Arma de fogo;Masculino;29;Não Informada;Não Informada
Fortaleza;AIS 21;HOMICIDIO DOLOSO;2022-08-21;23:30:00;Domingo;Arma de fogo;Masculino;19;Ensino Médio Completo;Não Informada
Aquiraz;AIS 15;HOMICIDIO DOLOSO;2022-08-22;03:00:00;Segunda;Arma de fogo;Masculino;47;Não Alfabetizado;Não Informada
Ipaporanga;AIS 07;ROUBO SEGUIDO DE MORTE (LATROCINIO);2022-08-22;10:59:59;Segunda;Arma de fogo;Feminino;62;Alfabetizado;Não Informada
Acaraú;AIS 11;HOMICIDIO DOLOSO;2022-08-22;19:00:00;Segunda;Arma de fogo;Masculino;28;Alfabetizado;Não Informada
Maracanaú;AIS 14;HOMICIDIO DOLOSO;2022-08-22;22:50:00;Segunda;Arma de fogo;Masculino;16;Ensino Fundamental Incompleto;Não Informada
Barbalha;AIS 02;HOMICIDIO DOLOSO;2022-08-22;23:39:59;Segunda;Arma de fogo;Masculino;23;Ensino Fundamental Incompleto;Parda
Poranga;AIS 07;HOMICIDIO DOLOSO;2022-08-23;04:00:00;Terça;Arma de fogo;Masculino;28;Ensino Fundamental Completo;Não Informada
Pacajus;AIS 25;HOMICIDIO DOLOSO;2022-08-23;09:29:59;Terça;Arma de fogo;Masculino;34;Ensino Fundamental Incompleto;Não Informada
Caucaia;AIS 12;HOMICIDIO DOLOSO;2022-08-23;14:30:00;Terça;Outros meios;Masculino;26;Ensino Fundamental Completo;Não Informada
São Benedito;AIS 27;HOMICIDIO DOLOSO;2022-08-23;16:59:59;Terça;Outros meios;Masculino;28;Alfabetizado;Branca
Fortaleza;AIS 17;HOMICIDIO DOLOSO;2022-08-23;17:10:00;Terça;Arma de fogo;Masculino;23;Alfabetizado;Não Informada
Maracanaú;AIS 14;HOMICIDIO DOLOSO;2022-08-24;00:00:01;Quarta;Arma de fogo;Masculino;24;Alfabetizado;Não Informada
Russas;AIS 01;HOMICIDIO DOLOSO;2022-08-24;21:10:00;Quarta;Arma de fogo;Masculino;17;Alfabetizado;Não Informada
Sobral;AIS 03;HOMICIDIO DOLOSO;2022-08-24;21:29:59;Quarta;Arma de fogo;Masculino;56;Não Informada;Não Informada
Barroquinha;AIS 28;HOMICIDIO DOLOSO;2022-08-24;23:15:00;Quarta;Arma de fogo;Masculino;49;Não Alfabetizado;Parda
Carnaubal;AIS 27;HOMICIDIO DOLOSO;2022-08-25;02:30:00;Quinta;Arma branca;Masculino;49;Alfabetizado;Não Informada
Caucaia;AIS 26;HOMICIDIO DOLOSO;2022-08-25;13:23:00;Quinta;Arma de fogo;Masculino;19;Ensino Fundamental Incompleto;Não Informada
Caucaia;AIS 12;HOMICIDIO DOLOSO;2022-08-25;16:30:00;Quinta;Arma de fogo;Masculino;22;Alfabetizado;Não Informada
Fortaleza;AIS 17;HOMICIDIO DOLOSO;2022-08-25;17:44:59;Quinta;Arma de fogo;Masculino;21;Alfabetizado;Não Informada
Fortaleza;AIS 20;HOMICIDIO DOLOSO;2022-08-25;19:15:00;Quinta;Arma de fogo;Masculino;32;Ensino Médio Incompleto;Não Informada
Fortaleza;AIS 16;HOMICIDIO DOLOSO;2022-08-25;22:30:00;Quinta;Arma de fogo;Masculino;26;Ensino Fundamental Completo;Parda
Guaiúba;AIS 24;HOMICIDIO DOLOSO;2022-08-26;02:00:00;Sexta;Arma de fogo;Masculino;17;Ensino Médio Incompleto;Não Informada
Caridade;AIS 04;HOMICIDIO DOLOSO;2022-08-26;02:30:00;Sexta;Arma de fogo;Feminino;19;Alfabetizado;Não Informada
Maracanaú;AIS 14;HOMICIDIO DOLOSO;2022-08-26;07:04:00;Sexta;Arma de fogo;Masculino;27;Ensino Fundamental Incompleto;Parda
Fortaleza;AIS 20;HOMICIDIO DOLOSO;2022-08-26;08:30:00;Sexta;Arma de fogo;Masculino;19;Não Informada;Não Informada
Morada Nova;AIS 09;HOMICIDIO DOLOSO;2022-08-26;09:30:00;Sexta;Arma de fogo;Masculino;26;Ensino Fundamental Completo;Parda
Morada Nova;AIS 09;HOMICIDIO DOLOSO;2022-08-26;09:30:00;Sexta;Arma de fogo;Feminino;37;Alfabetizado;Não Informada
Mulungu;AIS 29;HOMICIDIO DOLOSO;2022-08-26;11:00:00;Sexta;Arma de fogo;Masculino;21;Ensino Médio Completo;Não Informada
Pacatuba;AIS 24;HOMICIDIO DOLOSO;2022-08-26;12:18:00;Sexta;Arma branca;Masculino;31;Alfabetizado;Não Informada
Fortaleza;AIS 20;HOMICIDIO DOLOSO;2022-08-26;18:54:00;Sexta;Arma de fogo;Masculino;43;Alfabetizado;Branca
Missão Velha;AIS 02;HOMICIDIO DOLOSO;2022-08-26;20:00:00;Sexta;Arma branca;Masculino;55;Alfabetizado;Parda
Cascavel;AIS 15;HOMICIDIO DOLOSO;2022-08-26;20:00:00;Sexta;Outros meios;Masculino;30;Ensino Fundamental Completo;Parda
Horizonte;AIS 25;HOMICIDIO DOLOSO;2022-08-26;22:00:00;Sexta;Arma de fogo;Masculino;31;Ensino Fundamental Incompleto;Não Informada
Fortaleza;AIS 19;HOMICIDIO DOLOSO;2022-08-26;23:30:00;Sexta;Arma de fogo;Masculino;35;Ensino Fundamental Incompleto;Não Informada
Fortaleza;AIS 18;HOMICIDIO DOLOSO;2022-08-27;03:30:00;Sábado;Arma de fogo;Masculino;Não Informada;Não Informada;Não Informada
Maracanaú;AIS 14;HOMICIDIO DOLOSO;2022-08-27;12:14:00;Sábado;Arma de fogo;Masculino;16;Ensino Médio Incompleto;Não Informada
Caucaia;AIS 12;HOMICIDIO DOLOSO;2022-08-27;15:41:00;Sábado;Arma de fogo;Masculino;26;Ensino Fundamental Completo;Não Informada
Fortaleza;AIS 16;HOMICIDIO DOLOSO;2022-08-27;23:30:00;Sábado;Arma de fogo;Masculino;26;Ensino Fundamental Incompleto;Não Informada
Maracanaú;AIS 14;HOMICIDIO DOLOSO;2022-08-27;23:30:00;Sábado;Arma de fogo;Masculino;34;Ensino Médio Completo;Não Informada
Caucaia;AIS 26;HOMICIDIO DOLOSO;2022-08-27;23:50:00;Sábado;Arma de fogo;Masculino;33;Alfabetizado;Parda
Fortaleza;AIS 20;FEMINICÍDIO;2022-08-28;00:30:00;Domingo;Arma branca;Feminino;52;Ensino Fundamental Incompleto;Não Informada
Iracema;AIS 31;HOMICIDIO DOLOSO;2022-08-28;02:00:00;Domingo;Arma de fogo;Masculino;29;Alfabetizado;Não Informada
Fortaleza;AIS 17;HOMICIDIO DOLOSO;2022-08-28;02:44:59;Domingo;Arma de fogo;Masculino;22;Ensino Fundamental Incompleto;Não Informada
Guaiúba;AIS 24;HOMICIDIO DOLOSO;2022-08-28;03:29:59;Domingo;Arma de fogo;Masculino;32;Alfabetizado;Não Informada
Horizonte;AIS 25;HOMICIDIO DOLOSO;2022-08-28;05:10:00;Domingo;Arma de fogo;Masculino;29;Não Informada;Não Informada
Maracanaú;AIS 14;HOMICIDIO DOLOSO;2022-08-28;08:30:00;Domingo;Arma de fogo;Masculino;33;Alfabetizado;Não Informada
Canindé;AIS 04;HOMICIDIO DOLOSO;2022-08-28;12:00:00;Domingo;Arma de fogo;Masculino;15;Alfabetizado;Parda
Trairi;AIS 23;ROUBO SEGUIDO DE MORTE (LATROCINIO);2022-08-28;19:30:00;Domingo;Outros meios;Masculino;48;Superior Completo;Não Informada
Quixadá;AIS 09;HOMICIDIO DOLOSO;2022-08-28;20:30:00;Domingo;Arma de fogo;Masculino;28;Alfabetizado;Não Informada
Maracanaú;AIS 14;HOMICIDIO DOLOSO;2022-08-28;23:30:00;Domingo;Arma de fogo;Masculino;33;Ensino Médio Completo;Parda
Sobral;AIS 03;HOMICIDIO DOLOSO;2022-08-29;06:30:00;Segunda;Arma de fogo;Masculino;21;Não Informada;Não Informada
São Gonçalo do Amarante;AIS 23;HOMICIDIO DOLOSO;2022-08-29;16:30:00;Segunda;Arma de fogo;Masculino;58;Não Informada;Não Informada
Fortaleza;AIS 17;HOMICIDIO DOLOSO;2022-08-29;18:29:59;Segunda;Arma de fogo;Masculino;44;Ensino Médio Incompleto;Não Informada
Fortaleza;AIS 06;HOMICIDIO DOLOSO;2022-08-29;19:30:00;Segunda;Outros meios;Masculino;15;Ensino Fundamental Incompleto;Não Informada
Paracuru;AIS 23;HOMICIDIO DOLOSO;2022-08-29;21:29:59;Segunda;Arma de fogo;Masculino;19;Alfabetizado;Não Informada
Caucaia;AIS 26;HOMICIDIO DOLOSO;2022-08-29;21:33:00;Segunda;Arma de fogo;Masculino;27;Ensino Médio Incompleto;Parda
Fortaleza;AIS 16;HOMICIDIO DOLOSO;2022-08-30;01:07:59;Terça;Arma de fogo;Masculino;17;Ensino Médio Incompleto;Não Informada
Crato;AIS 02;HOMICIDIO DOLOSO;2022-08-30;14:30:00;Terça;Arma de fogo;Masculino;24;Ensino Fundamental Completo;Não Informada
Maranguape;AIS 24;HOMICIDIO DOLOSO;2022-08-30;16:39:59;Terça;Arma de fogo;Masculino;51;Ensino Fundamental Completo;Não Informada
São Benedito;AIS 27;HOMICIDIO DOLOSO;2022-08-30;16:56:59;Terça;Arma de fogo;Masculino;31;Superior Completo;Branca
Fortaleza;AIS 17;HOMICIDIO DOLOSO;2022-08-30;18:29:59;Terça;Arma de fogo;Masculino;39;Ensino Médio Completo;Parda
Maracanaú;AIS 14;HOMICIDIO DOLOSO;2022-08-30;19:00:00;Terça;Arma de fogo;Masculino;35;Ensino Médio Completo;Não Informada
Caucaia;AIS 12;HOMICIDIO DOLOSO;2022-08-31;03:00:00;Quarta;Arma branca;Masculino;Não Informada;Não Informada;Não Informada
Chaval;AIS 28;HOMICIDIO DOLOSO;2022-08-31;04:59:59;Quarta;Arma de fogo;Masculino;23;Alfabetizado;Não Informada
Tururu;AIS 11;HOMICIDIO DOLOSO;2022-08-31;06:29:59;Quarta;Arma de fogo;Masculino;37;Ensino Fundamental Completo;Parda
Catarina;AIS 13;HOMICIDIO DOLOSO;2022-08-31;09:00:00;Quarta;Arma de fogo;Masculino;61;Ensino Fundamental Completo;Parda
Chaval;AIS 28;HOMICIDIO DOLOSO;2022-08-31;13:59:59;Quarta;Arma de fogo;Masculino;51;Não Alfabetizado;Branca
Fortaleza;AIS 17;HOMICIDIO DOLOSO;2022-08-31;14:19:00;Quarta;Arma de fogo;Masculino;24;Alfabetizado;Não Informada
Caucaia;AIS 26;HOMICIDIO DOLOSO;2022-08-31;14:40:00;Quarta;Arma branca;Masculino;39;Ensino Médio Incompleto;Não Informada
Fortaleza;AIS 17;HOMICIDIO DOLOSO;2022-08-31;15:29:59;Quarta;Arma de fogo;Masculino;29;Alfabetizado;Não Informada
Caucaia;AIS 12;HOMICIDIO DOLOSO;2022-08-31;16:49:59;Quarta;Arma de fogo;Masculino;Não Informada;Não Informada;Não Informada
Chaval;AIS 28;HOMICIDIO DOLOSO;2022-08-31;17:30:00;Quarta;Arma branca;Masculino;44;Alfabetizado;Parda
Acarape;AIS 29;HOMICIDIO DOLOSO;2022-08-31;19:00:00;Quarta;Arma branca;Masculino;Não Informada;Não Informada;Não Informada
Fortaleza;AIS 21;HOMICIDIO DOLOSO;2022-08-31;21:00:00;Quarta;Arma de fogo;Masculino;32;Alfabetizado;Parda
Poranga;AIS 07;HOMICIDIO DOLOSO;2022-09-01;01:59:59;Quinta;Arma de fogo;Masculino;3;Não Alfabetizado;Não Informada
Poranga;AIS 07;HOMICIDIO DOLOSO;2022-09-01;02:00:00;Quinta;Arma de fogo;Masculino;42;Ensino Fundamental Incompleto;Não Informada
Reriutaba;AIS 07;HOMICIDIO DOLOSO;2022-09-01;02:30:00;Quinta;Arma de fogo;Masculino;31;Alfabetizado;Não Informada
Paracuru;AIS 23;HOMICIDIO DOLOSO;2022-09-01;02:30:00;Quinta;Arma de fogo;Masculino;19;Ensino Fundamental Incompleto;Parda
Jaguaretama;AIS 09;HOMICIDIO DOLOSO;2022-09-01;11:00:00;Quinta;Arma de fogo;Masculino;37;Alfabetizado;Parda
Jaguaretama;AIS 09;HOMICIDIO DOLOSO;2022-09-01;11:00:00;Quinta;Arma de fogo;Masculino;42;Alfabetizado;Parda
Juazeiro do Norte;AIS 02;HOMICIDIO DOLOSO;2022-09-01;14:08:59;Quinta;Arma de fogo;Masculino;38;Ensino Fundamental Completo;Não Informada
Fortaleza;AIS 05;HOMICIDIO DOLOSO;2022-09-01;16:09:00;Quinta;Arma de fogo;Masculino;14;Ensino Fundamental Incompleto;Não Informada
Fortaleza;AIS 20;HOMICIDIO DOLOSO;2022-09-01;16:09:00;Quinta;Arma de fogo;Masculino;18;Alfabetizado;Não Informada
Fortaleza;AIS 21;HOMICIDIO DOLOSO;2022-09-01;18:00:00;Quinta;Arma de fogo;Masculino;43;Alfabetizado;Não Informada
Fortaleza;AIS 16;HOMICIDIO DOLOSO;2022-09-01;18:09:59;Quinta;Arma de fogo;Masculino;36;Ensino Médio Completo;Não Informada
Acaraú;AIS 11;HOMICIDIO DOLOSO;2022-09-01;20:30:00;Quinta;Arma de fogo;Masculino;20;Ensino Fundamental Incompleto;Parda
Fortaleza;AIS 22;HOMICIDIO DOLOSO;2022-09-01;22:56:00;Quinta;Outros meios;Masculino;36;Ensino Médio Completo;Não Informada
Fortaleza;AIS 18;HOMICIDIO DOLOSO;2022-09-02;01:21:59;Sexta;Arma de fogo;Masculino;43;Alfabetizado;Parda
Sobral;AIS 03;HOMICIDIO DOLOSO;2022-09-02;16:30:00;Sexta;Arma de fogo;Masculino;57;Alfabetizado;Não Informada
Fortaleza;AIS 16;HOMICIDIO DOLOSO;2022-09-02;16:41:00;Sexta;Arma de fogo;Masculino;21;Não Informada;Não Informada
Fortaleza;AIS 16;HOMICIDIO DOLOSO;2022-09-02;16:41:00;Sexta;Arma de fogo;Masculino;18;Alfabetizado;Não Informada
Boa Viagem;AIS 04;HOMICIDIO DOLOSO;2022-09-02;17:10:00;Sexta;Arma de fogo;Masculino;27;Alfabetizado;Não Informada
Caucaia;AIS 26;HOMICIDIO DOLOSO;2022-09-02;18:49:00;Sexta;Arma de fogo;Masculino;34;Ensino Médio Completo;Não Informada
Maracanaú;AIS 14;HOMICIDIO DOLOSO;2022-09-02;19:30:00;Sexta;Arma de fogo;Masculino;25;Alfabetizado;Não Informada
Camocim;AIS 28;HOMICIDIO DOLOSO;2022-09-02;20:19:59;Sexta;Arma de fogo;Masculino;46;Não Alfabetizado;Não Informada
Maracanaú;AIS 14;HOMICIDIO DOLOSO;2022-09-02;21:01:00;Sexta;Arma de fogo;Masculino;33;Alfabetizado;Não Informada
Várzea Alegre;AIS 34;HOMICIDIO DOLOSO;2022-09-03;01:30:00;Sábado;Arma branca;Masculino;29;Ensino Médio Incompleto;Parda
Uruburetama;AIS 11;HOMICIDIO DOLOSO;2022-09-03;03:29:59;Sábado;Arma branca;Masculino;44;Alfabetizado;Não Informada
Sobral;AIS 03;HOMICIDIO DOLOSO;2022-09-03;16:00:00;Sábado;Arma de fogo;Masculino;23;Alfabetizado;Não Informada
Fortaleza;AIS 16;HOMICIDIO DOLOSO;2022-09-03;17:30:00;Sábado;Arma de fogo;Masculino;28;Ensino Médio Incompleto;Parda
Fortaleza;AIS 16;HOMICIDIO DOLOSO;2022-09-03;17:30:00;Sábado;Arma de fogo;Feminino;2;Não Alfabetizado;Não Informada
Fortaleza;AIS 21;HOMICIDIO DOLOSO;2022-09-03;19:00:00;Sábado;Arma de fogo;Masculino;28;Ensino Fundamental Incompleto;Não Informada
Horizonte;AIS 25;HOMICIDIO DOLOSO;2022-09-03;20:15:00;Sábado;Arma de fogo;Masculino;27;Ensino Fundamental Completo;Não Informada
Farias Brito;AIS 02;HOMICIDIO DOLOSO;2022-09-04;00:29:59;Domingo;Arma branca;Masculino;30;Ensino Médio Incompleto;Branca
Pentecoste;AIS 11;HOMICIDIO DOLOSO;2022-09-04;01:10:00;Domingo;Arma de fogo;Masculino;30;Ensino Fundamental Completo;Não Informada
Crato;AIS 02;HOMICIDIO DOLOSO;2022-09-04;05:00:00;Domingo;Arma de fogo;Masculino;24;Ensino Médio Incompleto;Não Informada
Catarina;AIS 13;HOMICIDIO DOLOSO;2022-09-04;06:00:00;Domingo;Arma branca;Masculino;20;Ensino Médio Incompleto;Não Informada
Fortaleza;AIS 16;HOMICIDIO DOLOSO;2022-09-04;13:25:00;Domingo;Arma de fogo;Masculino;22;Alfabetizado;Não Informada
Fortaleza;AIS 19;HOMICIDIO DOLOSO;2022-09-04;14:40:00;Domingo;Arma de fogo;Masculino;40;Ensino Médio Completo;Parda
Acopiara;AIS 10;HOMICIDIO DOLOSO;2022-09-04;21:00:00;Domingo;Arma de fogo;Masculino;44;Ensino Médio Completo;Parda
Beberibe;AIS 30;HOMICIDIO DOLOSO;2022-09-05;01:30:00;Segunda;Arma de fogo;Masculino;28;Ensino Fundamental Completo;Não Informada
Crato;AIS 02;HOMICIDIO DOLOSO;2022-09-05;05:00:00;Segunda;Arma de fogo;Masculino;23;Ensino Fundamental Completo;Não Informada
Fortaleza;AIS 16;HOMICIDIO DOLOSO;2022-09-05;05:39:59;Segunda;Arma branca;Feminino;26;Ensino Fundamental Completo;Branca
Fortaleza;AIS 18;HOMICIDIO DOLOSO;2022-09-05;05:53:59;Segunda;Arma de fogo;Masculino;Não Informada;Não Informada;Não Informada
Groaíras;AIS 03;HOMICIDIO DOLOSO;2022-09-05;07:30:00;Segunda;Arma de fogo;Masculino;32;Ensino Fundamental Completo;Parda
Potiretama;AIS 31;HOMICIDIO DOLOSO;2022-09-05;07:30:00;Segunda;Arma de fogo;Masculino;16;Não Informada;Parda
Potiretama;AIS 31;HOMICIDIO DOLOSO;2022-09-05;07:30:00;Segunda;Arma de fogo;Masculino;15;Alfabetizado;Não Informada
Fortaleza;AIS 17;HOMICIDIO DOLOSO;2022-09-05;09:00:00;Segunda;Arma de fogo;Feminino;33;Ensino Fundamental Incompleto;Parda
Fortaleza;AIS 17;HOMICIDIO DOLOSO;2022-09-05;09:00:00;Segunda;Arma de fogo;Feminino;16;Alfabetizado;Parda
Fortaleza;AIS 18;HOMICIDIO DOLOSO;2022-09-05;15:29:00;Segunda;Arma de fogo;Masculino;64;Superior Completo;Não Informada
Potengi;AIS 33;HOMICIDIO DOLOSO;2022-09-06;07:15:00;Terça;Arma de fogo;Masculino;58;Ensino Médio Incompleto;Parda
Crato;AIS 02;HOMICIDIO DOLOSO;2022-09-06;08:00:00;Terça;Arma de fogo;Masculino;27;Ensino Médio Incompleto;Não Informada
Caucaia;AIS 26;HOMICIDIO DOLOSO;2022-09-06;08:04:00;Terça;Arma de fogo;Masculino;33;Ensino Médio Incompleto;Não Informada
Juazeiro do Norte;AIS 02;HOMICIDIO DOLOSO;2022-09-06;10:00:00;Terça;Arma branca;Masculino;72;Ensino Fundamental Completo;Branca
Mulungu;AIS 29;HOMICIDIO DOLOSO;2022-09-06;13:30:00;Terça;Arma de fogo;Masculino;27;Ensino Fundamental Incompleto;Não Informada
Fortaleza;AIS 20;HOMICIDIO DOLOSO;2022-09-06;19:54:59;Terça;Arma de fogo;Masculino;27;Ensino Médio Incompleto;Parda
Russas;AIS 01;HOMICIDIO DOLOSO;2022-09-06;20:00:00;Terça;Arma de fogo;Masculino;33;Alfabetizado;Não Informada
Caucaia;AIS 12;HOMICIDIO DOLOSO;2022-09-07;00:20:00;Quarta;Arma de fogo;Masculino;19;Ensino Fundamental Incompleto;Branca
Cascavel;AIS 15;HOMICIDIO DOLOSO;2022-09-07;06:40:00;Quarta;Arma de fogo;Masculino;28;Ensino Fundamental Incompleto;Não Informada
Coreaú;AIS 03;HOMICIDIO DOLOSO;2022-09-07;07:00:00;Quarta;Arma de fogo;Masculino;53;Não Informada;Não Informada
Fortaleza;AIS 18;HOMICIDIO DOLOSO;2022-09-07;13:39:59;Quarta;Arma de fogo;Feminino;33;Alfabetizado;Não Informada
Várzea Alegre;AIS 34;HOMICIDIO DOLOSO;2022-09-07;20:30:00;Quarta;Arma de fogo;Masculino;32;Não Informada;Não Informada
Fortaleza;AIS 20;HOMICIDIO DOLOSO;2022-09-08;04:35:59;Quinta;Arma de fogo;Masculino;21;Alfabetizado;Parda
Fortaleza;AIS 19;HOMICIDIO DOLOSO;2022-09-08;05:30:00;Quinta;Arma de fogo;Masculino;23;Não Informada;Não Informada
Fortaleza;AIS 06;HOMICIDIO DOLOSO;2022-09-08;13:00:00;Quinta;Arma de fogo;Masculino;45;Ensino Médio Completo;Não Informada
Sobral;AIS 03;HOMICIDIO DOLOSO;2022-09-08;13:59:59;Quinta;Arma de fogo;Masculino;35;Alfabetizado;Parda
São Gonçalo do Amarante;AIS 23;HOMICIDIO DOLOSO;2022-09-08;17:19:59;Quinta;Arma de fogo;Masculino;16;Ensino Fundamental Completo;Não Informada
Fortaleza;AIS 06;HOMICIDIO DOLOSO;2022-09-08;17:30:00;Quinta;Arma de fogo;Masculino;35;Superior Incompleto;Não Informada
Fortaleza;AIS 16;HOMICIDIO DOLOSO;2022-09-08;18:10:00;Quinta;Arma de fogo;Masculino;Não Informada;Não Informada;Não Informada
Pentecoste;AIS 11;HOMICIDIO DOLOSO;2022-09-08;19:59:59;Quinta;Arma de fogo;Masculino;32;Ensino Fundamental Completo;Parda
Fortaleza;AIS 16;HOMICIDIO DOLOSO;2022-09-08;21:00:00;Quinta;Arma de fogo;Masculino;22;Alfabetizado;Não Informada
Fortaleza;AIS 16;HOMICIDIO DOLOSO;2022-09-08;21:00:00;Quinta;Arma de fogo;Feminino;23;Ensino Fundamental Incompleto;Não Informada
Beberibe;AIS 30;HOMICIDIO DOLOSO;2022-09-09;05:30:00;Sexta;Arma de fogo;Masculino;32;Ensino Fundamental Completo;Não Informada
Beberibe;AIS 30;HOMICIDIO DOLOSO;2022-09-09;05:30:00;Sexta;Arma de fogo;Masculino;26;Ensino Fundamental Completo;Não Informada
Sobral;AIS 03;HOMICIDIO DOLOSO;2022-09-09;08:30:00;Sexta;Arma de fogo;Masculino;30;Alfabetizado;Não Informada
Horizonte;AIS 25;HOMICIDIO DOLOSO;2022-09-09;13:30:00;Sexta;Arma de fogo;Masculino;22;Ensino Fundamental Completo;Parda
Maracanaú;AIS 14;HOMICIDIO DOLOSO;2022-09-09;20:30:00;Sexta;Arma de fogo;Masculino;19;Ensino Fundamental Incompleto;Parda
Aracati;AIS 30;HOMICIDIO DOLOSO;2022-09-09;21:30:00;Sexta;Arma de fogo;Feminino;48;Ensino Fundamental Incompleto;Parda
Fortaleza;AIS 18;HOMICIDIO DOLOSO;2022-09-09;23:50:00;Sexta;Arma de fogo;Feminino;22;Ensino Fundamental Incompleto;Parda
Caucaia;AIS 12;HOMICIDIO DOLOSO;2022-09-10;01:20:00;Sábado;Arma de fogo;Masculino;24;Ensino Fundamental Incompleto;Parda
Itaitinga;AIS 25;HOMICIDIO DOLOSO;2022-09-10;01:59:59;Sábado;Arma de fogo;Masculino;27;Ensino Fundamental Incompleto;Branca
Maracanaú;AIS 14;LESAO CORPORAL SEGUIDA DE MORTE;2022-09-10;08:30:00;Sábado;Outros meios;Masculino;35;Ensino Fundamental Completo;Não Informada
Fortaleza;AIS 19;HOMICIDIO DOLOSO;2022-09-10;12:04:59;Sábado;Arma de fogo;Masculino;38;Ensino Médio Completo;Não Informada
Caucaia;AIS 12;HOMICIDIO DOLOSO;2022-09-10;16:39:59;Sábado;Outros meios;Masculino;38;Ensino Fundamental Incompleto;Não Informada
Maracanaú;AIS 14;HOMICIDIO DOLOSO;2022-09-10;17:45:00;Sábado;Arma de fogo;Masculino;23;Ensino Fundamental Completo;Não Informada
Fortaleza;AIS 17;HOMICIDIO DOLOSO;2022-09-10;18:44:00;Sábado;Arma de fogo;Masculino;25;Ensino Fundamental Completo;Não Informada
Choró;AIS 09;HOMICIDIO DOLOSO;2022-09-10;22:30:00;Sábado;Arma de fogo;Masculino;26;Não Informada;Não Informada
Pedra Branca;AIS 09;HOMICIDIO DOLOSO;2022-09-11;01:30:00;Domingo;Arma branca;Masculino;35;Não Alfabetizado;Não Informada
Itapiúna;AIS 29;HOMICIDIO DOLOSO;2022-09-11;02:30:00;Domingo;Arma de fogo;Masculino;36;Ensino Médio Completo;Parda
Crato;AIS 02;HOMICIDIO DOLOSO;2022-09-11;03:10:00;Domingo;Arma de fogo;Masculino;34;Ensino Médio Completo;Parda
Sobral;AIS 03;HOMICIDIO DOLOSO;2022-09-11;07:30:00;Domingo;Arma de fogo;Masculino;42;Alfabetizado;Parda
Aquiraz;AIS 15;HOMICIDIO DOLOSO;2022-09-11;07:49:59;Domingo;Arma de fogo;Masculino;17;Alfabetizado;Não Informada
Cascavel;AIS 15;HOMICIDIO DOLOSO;2022-09-11;10:30:00;Domingo;Arma de fogo;Masculino;27;Ensino Fundamental Incompleto;Não Informada
Aracati;AIS 30;HOMICIDIO DOLOSO;2022-09-11;11:30:00;Domingo;Arma de fogo;Masculino;40;Ensino Médio Completo;Não Informada
Jaguaribara;AIS 31;HOMICIDIO DOLOSO;2022-09-11;13:00:00;Domingo;Arma de fogo;Masculino;16;Alfabetizado;Parda
Capistrano;AIS 29;HOMICIDIO DOLOSO;2022-09-11;20:19:59;Domingo;Arma de fogo;Masculino;40;Não Informada;Não Informada
Fortaleza;AIS 05;HOMICIDIO DOLOSO;2022-09-11;21:22:00;Domingo;Outros meios;Masculino;20;Não Informada;Não Informada
Fortaleza;AIS 17;HOMICIDIO DOLOSO;2022-09-11;21:54:59;Domingo;Arma de fogo;Masculino;34;Ensino Fundamental Incompleto;Não Informada
Fortaleza;AIS 22;HOMICIDIO DOLOSO;2022-09-11;22:45:00;Domingo;Arma de fogo;Masculino;28;Não Alfabetizado;Não Informada
Iguatu;AIS 10;HOMICIDIO DOLOSO;2022-09-12;06:40:00;Segunda;Arma de fogo;Masculino;Não Informada;Não Informada;Não Informada
Iguatu;AIS 10;HOMICIDIO DOLOSO;2022-09-12;07:00:00;Segunda;Arma branca;Feminino;43;Ensino Médio Incompleto;Não Informada
Cascavel;AIS 15;HOMICIDIO DOLOSO;2022-09-12;13:00:00;Segunda;Outros meios;Masculino;31;Ensino Fundamental Incompleto;Não Informada
Choró;AIS 09;HOMICIDIO DOLOSO;2022-09-12;16:59:59;Segunda;Arma de fogo;Masculino;21;Ensino Fundamental Incompleto;Branca
Fortaleza;AIS 20;HOMICIDIO DOLOSO;2022-09-13;02:41:00;Terça;Outros meios;Masculino;Não Informada;Não Informada;Não Informada
Aquiraz;AIS 15;HOMICIDIO DOLOSO;2022-09-13;07:45:00;Terça;Arma de fogo;Masculino;47;Ensino Médio Completo;Não Informada
Pacajus;AIS 25;HOMICIDIO DOLOSO;2022-09-13;12:30:00;Terça;Arma de fogo;Masculino;57;Ensino Fundamental Completo;Não Informada
Massapê;AIS 03;HOMICIDIO DOLOSO;2022-09-13;12:45:00;Terça;Arma de fogo;Masculino;28;Não Informada;Parda
Jati;AIS 32;HOMICIDIO DOLOSO;2022-09-13;22:00:00;Terça;Outros meios;Feminino;89;Alfabetizado;Parda
São Gonçalo do Amarante;AIS 23;HOMICIDIO DOLOSO;2022-09-14;01:00:00;Quarta;Arma de fogo;Masculino;27;Alfabetizado;Não Informada
Fortaleza;AIS 19;HOMICIDIO DOLOSO;2022-09-14;01:16:00;Quarta;Arma de fogo;Masculino;36;Não Alfabetizado;Não Informada
Paracuru;AIS 23;HOMICIDIO DOLOSO;2022-09-14;01:59:59;Quarta;Arma de fogo;Masculino;17;Ensino Fundamental Completo;Não Informada
Russas;AIS 01;HOMICIDIO DOLOSO;2022-09-14;15:00:00;Quarta;Arma de fogo;Masculino;32;Ensino Fundamental Incompleto;Parda
Pentecoste;AIS 11;HOMICIDIO DOLOSO;2022-09-14;21:13:00;Quarta;Arma de fogo;Masculino;27;Ensino Médio Completo;Não Informada
Viçosa do Ceará;AIS 27;HOMICIDIO DOLOSO;2022-09-15;01:59:59;Quinta;Arma de fogo;Masculino;20;Alfabetizado;Não Informada
Fortaleza;AIS 16;HOMICIDIO DOLOSO;2022-09-15;06:22:00;Quinta;Arma de fogo;Masculino;33;Ensino Médio Incompleto;Parda
São Benedito;AIS 27;HOMICIDIO DOLOSO;2022-09-15;09:00:00;Quinta;Arma de fogo;Masculino;32;Alfabetizado;Parda
Maranguape;AIS 24;HOMICIDIO DOLOSO;2022-09-15;11:08:00;Quinta;Arma de fogo;Masculino;20;Ensino Médio Incompleto;Não Informada
Sobral;AIS 03;HOMICIDIO DOLOSO;2022-09-15;13:34:59;Quinta;Arma de fogo;Masculino;28;Alfabetizado;Parda
Limoeiro do Norte;AIS 01;HOMICIDIO DOLOSO;2022-09-15;14:19:59;Quinta;Arma de fogo;Masculino;19;Não Informada;Parda
Senador Sá;AIS 03;ROUBO SEGUIDO DE MORTE (LATROCINIO);2022-09-15;16:40:00;Quinta;Arma de fogo;Masculino;35;Ensino Médio Completo;Branca
Fortaleza;AIS 16;HOMICIDIO DOLOSO;2022-09-15;17:30:00;Quinta;Arma de fogo;Masculino;24;Não Informada;Parda
Quixeré;AIS 01;HOMICIDIO DOLOSO;2022-09-15;19:49:00;Quinta;Arma de fogo;Masculino;16;Alfabetizado;Não Informada
Maracanaú;AIS 14;HOMICIDIO DOLOSO;2022-09-15;20:15:00;Quinta;Arma de fogo;Masculino;22;Alfabetizado;Parda
Boa Viagem;AIS 04;HOMICIDIO DOLOSO;2022-09-16;02:30:00;Sexta;Arma de fogo;Feminino;25;Ensino Médio Incompleto;Parda
Russas;AIS 01;HOMICIDIO DOLOSO;2022-09-16;07:00:00;Sexta;Arma de fogo;Masculino;40;Ensino Médio Completo;Parda
São João do Jaguaribe;AIS 01;HOMICIDIO DOLOSO;2022-09-16;08:19:59;Sexta;Arma de fogo;Masculino;43;Ensino Fundamental Incompleto;Não Informada
Maracanaú;AIS 14;HOMICIDIO DOLOSO;2022-09-16;10:34:59;Sexta;Arma de fogo;Masculino;24;Ensino Fundamental Completo;Não Informada
Pacajus;AIS 25;HOMICIDIO DOLOSO;2022-09-16;15:00:00;Sexta;Arma de fogo;Masculino;55;Não Alfabetizado;Não Informada
Cascavel;AIS 15;ROUBO SEGUIDO DE MORTE (LATROCINIO);2022-09-16;18:25:00;Sexta;Arma de fogo;Masculino;58;Ensino Fundamental Completo;Parda
Fortaleza;AIS 16;HOMICIDIO DOLOSO;2022-09-17;01:14:59;Sábado;Arma de fogo;Masculino;22;Ensino Médio Incompleto;Não Informada
Tabuleiro do Norte;AIS 01;HOMICIDIO DOLOSO;2022-09-17;01:30:00;Sábado;Arma de fogo;Masculino;27;Ensino Médio Completo;Não Informada
Marco;AIS 11;HOMICIDIO DOLOSO;2022-09-17;01:59:59;Sábado;Arma de fogo;Masculino;28;Ensino Fundamental Incompleto;Parda
Aquiraz;AIS 15;HOMICIDIO DOLOSO;2022-09-17;08:14:00;Sábado;Arma branca;Masculino;47;Não Informada;Não Informada
Acopiara;AIS 10;HOMICIDIO DOLOSO;2022-09-17;13:00:00;Sábado;Outros meios;Feminino;17;Ensino Fundamental Incompleto;Não Informada
Orós;AIS 34;HOMICIDIO DOLOSO;2022-09-17;17:40:00;Sábado;Arma branca;Masculino;66;Não Informada;Não Informada
Orós;AIS 34;HOMICIDIO DOLOSO;2022-09-17;17:40:00;Sábado;Arma branca;Feminino;52;Não Alfabetizado;Não Informada
Pacatuba;AIS 24;HOMICIDIO DOLOSO;2022-09-17;19:30:00;Sábado;Arma de fogo;Masculino;18;Alfabetizado;Não Informada
Limoeiro do Norte;AIS 01;HOMICIDIO DOLOSO;2022-09-17;20:45:00;Sábado;Arma de fogo;Masculino;20;Ensino Médio Incompleto;Não Informada
Fortaleza;AIS 17;HOMICIDIO DOLOSO;2022-09-17;23:26:00;Sábado;Outros meios;Masculino;46;Ensino Médio Completo;Não Informada
Fortaleza;AIS 21;HOMICIDIO DOLOSO;2022-09-17;23:33:59;Sábado;Arma branca;Masculino;30;Alfabetizado;Não Informada
Boa Viagem;AIS 04;HOMICIDIO DOLOSO;2022-09-17;23:50:00;Sábado;Arma de fogo;Masculino;20;Alfabetizado;Não Informada
Jaguaribara;AIS 31;HOMICIDIO DOLOSO;2022-09-18;01:00:00;Domingo;Arma de fogo;Masculino;18;Não Alfabetizado;Preta
Jaguaribara;AIS 31;HOMICIDIO DOLOSO;2022-09-18;01:00:00;Domingo;Arma de fogo;Masculino;21;Alfabetizado;Parda
Fortaleza;AIS 06;HOMICIDIO DOLOSO;2022-09-18;01:06:00;Domingo;Arma de fogo;Masculino;50;Alfabetizado;Não Informada
Pedra Branca;AIS 09;HOMICIDIO DOLOSO;2022-09-18;03:00:00;Domingo;Arma de fogo;Masculino;23;Não Informada;Não Informada
Choró;AIS 09;HOMICIDIO DOLOSO;2022-09-18;04:00:00;Domingo;Arma de fogo;Feminino;34;Alfabetizado;Não Informada
Fortaleza;AIS 16;HOMICIDIO DOLOSO;2022-09-18;06:46:00;Domingo;Outros meios;Masculino;14;Ensino Fundamental Incompleto;Não Informada
Fortaleza;AIS 21;HOMICIDIO DOLOSO;2022-09-18;07:00:00;Domingo;Arma de fogo;Feminino;16;Ensino Fundamental Incompleto;Parda
Fortaleza;AIS 21;HOMICIDIO DOLOSO;2022-09-18;07:00:00;Domingo;Arma de fogo;Feminino;14;Ensino Fundamental Incompleto;Não Informada
Fortaleza;AIS 08;HOMICIDIO DOLOSO;2022-09-18;11:46:00;Domingo;Arma de fogo;Masculino;Não Informada;Não Informada;Não Informada
Fortaleza;AIS 17;HOMICIDIO DOLOSO;2022-09-18;18:55:00;Domingo;Arma de fogo;Masculino;24;Ensino Fundamental Completo;Não Informada
Aquiraz;AIS 15;HOMICIDIO DOLOSO;2022-09-18;19:20:00;Domingo;Arma de fogo;Masculino;23;Ensino Fundamental Incompleto;Não Informada
Jaguaribara;AIS 31;HOMICIDIO DOLOSO;2022-09-18;21:19:59;Domingo;Arma de fogo;Masculino;23;Alfabetizado;Parda
Fortaleza;AIS 17;HOMICIDIO DOLOSO;2022-09-18;21:29:59;Domingo;Outros meios;Masculino;14;Ensino Fundamental Incompleto;Não Informada
Fortaleza;AIS 18;HOMICIDIO DOLOSO;2022-09-18;22:37:00;Domingo;Arma de fogo;Masculino;36;Ensino Fundamental Incompleto;Não Informada
Fortaleza;AIS 18;HOMICIDIO DOLOSO;2022-09-19;00:09:59;Segunda;Arma de fogo;Masculino;29;Ensino Fundamental Completo;Não Informada
Sobral;AIS 03;HOMICIDIO DOLOSO;2022-09-19;01:45:59;Segunda;Arma de fogo;Masculino;28;Ensino Médio Incompleto;Não Informada
Fortaleza;AIS 17;HOMICIDIO DOLOSO;2022-09-19;02:08:59;Segunda;Arma de fogo;Masculino;20;Ensino Fundamental Completo;Não Informada
Pacajus;AIS 25;HOMICIDIO DOLOSO;2022-09-19;06:20:00;Segunda;Arma de fogo;Masculino;33;Alfabetizado;Não Informada
Caucaia;AIS 26;HOMICIDIO DOLOSO;2022-09-19;08:03:00;Segunda;Arma branca;Masculino;38;Alfabetizado;Não Informada
Maranguape;AIS 24;HOMICIDIO DOLOSO;2022-09-19;10:00:00;Segunda;Arma de fogo;Masculino;42;Ensino Fundamental Incompleto;Não Informada
Caucaia;AIS 26;HOMICIDIO DOLOSO;2022-09-19;13:25:00;Segunda;Arma de fogo;Feminino;41;Alfabetizado;Não Informada
Fortaleza;AIS 22;HOMICIDIO DOLOSO;2022-09-19;20:10:00;Segunda;Arma de fogo;Masculino;26;Ensino Médio Incompleto;Não Informada
Fortaleza;AIS 22;HOMICIDIO DOLOSO;2022-09-19;20:10:00;Segunda;Arma de fogo;Masculino;38;Ensino Médio Completo;Não Informada
Fortaleza;AIS 18;HOMICIDIO DOLOSO;2022-09-19;23:30:00;Segunda;Arma de fogo;Masculino;42;Ensino Médio Completo;Não Informada
Boa Viagem;AIS 04;HOMICIDIO DOLOSO;2022-09-20;02:00:00;Terça;Arma de fogo;Masculino;23;Ensino Fundamental Completo;Parda
Maracanaú;AIS 14;ROUBO SEGUIDO DE MORTE (LATROCINIO);2022-09-20;05:50:00;Terça;Arma de fogo;Masculino;24;Ensino Fundamental Incompleto;Não Informada
Santa Quitéria;AIS 07;HOMICIDIO DOLOSO;2022-09-20;12:00:00;Terça;Arma branca;Masculino;59;Não Alfabetizado;Parda
Marco;AIS 11;HOMICIDIO DOLOSO;2022-09-20;12:00:00;Terça;Arma de fogo;Masculino;29;Alfabetizado;Não Informada
Fortaleza;AIS 18;HOMICIDIO DOLOSO;2022-09-20;13:59:59;Terça;Arma de fogo;Masculino;22;Alfabetizado;Não Informada
Caucaia;AIS 26;HOMICIDIO DOLOSO;2022-09-20;16:20:00;Terça;Arma de fogo;Masculino;33;Alfabetizado;Não Informada
Fortaleza;AIS 20;HOMICIDIO DOLOSO;2022-09-20;17:01:00;Terça;Arma de fogo;Masculino;13;Alfabetizado;Parda
Fortaleza;AIS 20;HOMICIDIO DOLOSO;2022-09-20;17:35:00;Terça;Arma de fogo;Masculino;19;Alfabetizado;Não Informada
Fortim;AIS 30;HOMICIDIO DOLOSO;2022-09-20;22:04:59;Terça;Arma de fogo;Feminino;47;Alfabetizado;Não Informada
Viçosa do Ceará;AIS 27;HOMICIDIO DOLOSO;2022-09-20;23:38:00;Terça;Arma de fogo;Masculino;20;Ensino Fundamental Incompleto;Não Informada
Itarema;AIS 11;HOMICIDIO DOLOSO;2022-09-21;09:00:00;Quarta;Arma de fogo;Masculino;27;Ensino Fundamental Incompleto;Não Informada
Maranguape;AIS 24;HOMICIDIO DOLOSO;2022-09-21;10:30:00;Quarta;Arma de fogo;Masculino;44;Ensino Fundamental Completo;Branca
Russas;AIS 01;HOMICIDIO DOLOSO;2022-09-21;12:00:00;Quarta;Arma de fogo;Masculino;25;Ensino Médio Completo;Branca
Russas;AIS 01;HOMICIDIO DOLOSO;2022-09-21;12:00:00;Quarta;Arma de fogo;Masculino;22;Ensino Fundamental Incompleto;Parda
Fortaleza;AIS 21;HOMICIDIO DOLOSO;2022-09-21;13:00:00;Quarta;Arma de fogo;Masculino;45;Ensino Médio Completo;Não Informada
Boa Viagem;AIS 04;HOMICIDIO DOLOSO;2022-09-21;20:19:59;Quarta;Arma de fogo;Masculino;37;Não Informada;Parda
Itaitinga;AIS 25;HOMICIDIO DOLOSO;2022-09-21;20:30:00;Quarta;Arma de fogo;Masculino;Não Informada;Não Informada;Não Informada
Pedra Branca;AIS 09;HOMICIDIO DOLOSO;2022-09-21;21:00:00;Quarta;Arma de fogo;Masculino;15;Não Informada;Parda
Fortaleza;AIS 06;HOMICIDIO DOLOSO;2022-09-21;21:52:00;Quarta;Arma de fogo;Masculino;19;Ensino Fundamental Completo;Não Informada
Redenção;AIS 29;HOMICIDIO DOLOSO;2022-09-21;22:40:00;Quarta;Arma de fogo;Masculino;33;Ensino Médio Completo;Não Informada
Fortaleza;AIS 21;ROUBO SEGUIDO DE MORTE (LATROCINIO);2022-09-22;02:05:00;Quinta;Arma de fogo;Masculino;28;Ensino Médio Completo;Parda
Tianguá;AIS 27;HOMICIDIO DOLOSO;2022-09-22;04:30:00;Quinta;Arma de fogo;Masculino;22;Ensino Fundamental Incompleto;Não Informada
Limoeiro do Norte;AIS 01;HOMICIDIO DOLOSO;2022-09-22;09:00:00;Quinta;Arma de fogo;Masculino;55;Alfabetizado;Parda
Crato;AIS 02;HOMICIDIO DOLOSO;2022-09-22;10:00:00;Quinta;Arma de fogo;Masculino;23;Ensino Médio Completo;Parda
Barreira;AIS 29;HOMICIDIO DOLOSO;2022-09-22;14:00:00;Quinta;Outros meios;Masculino;62;Ensino Fundamental Incompleto;Parda
Aracati;AIS 30;HOMICIDIO DOLOSO;2022-09-22;15:00:00;Quinta;Arma de fogo;Masculino;34;Alfabetizado;Parda
Quixadá;AIS 09;HOMICIDIO DOLOSO;2022-09-22;19:00:00;Quinta;Arma de fogo;Masculino;30;Ensino Fundamental Completo;Não Informada
Fortaleza;AIS 17;HOMICIDIO DOLOSO;2022-09-22;21:29:59;Quinta;Arma de fogo;Feminino;14;Ensino Fundamental Incompleto;Não Informada
Fortaleza;AIS 06;HOMICIDIO DOLOSO;2022-09-23;07:14:59;Sexta;Arma branca;Masculino;33;Alfabetizado;Não Informada
Caucaia;AIS 26;HOMICIDIO DOLOSO;2022-09-23;11:50:00;Sexta;Arma de fogo;Masculino;29;Superior Incompleto;Não Informada
Mulungu;AIS 29;HOMICIDIO DOLOSO;2022-09-23;12:00:00;Sexta;Arma de fogo;Masculino;30;Ensino Fundamental Incompleto;Não Informada
Maranguape;AIS 24;HOMICIDIO DOLOSO;2022-09-23;12:40:00;Sexta;Arma de fogo;Masculino;Não Informada;Não Informada;Não Informada
Fortaleza;AIS 18;HOMICIDIO DOLOSO;2022-09-23;16:45:00;Sexta;Arma de fogo;Masculino;18;Alfabetizado;Não Informada
Pacatuba;AIS 24;HOMICIDIO DOLOSO;2022-09-23;16:59:59;Sexta;Arma de fogo;Masculino;32;Ensino Médio Completo;Não Informada
Russas;AIS 01;HOMICIDIO DOLOSO;2022-09-23;17:00:00;Sexta;Arma de fogo;Masculino;37;Ensino Fundamental Completo;Não Informada
Caucaia;AIS 12;HOMICIDIO DOLOSO;2022-09-23;19:25:00;Sexta;Arma de fogo;Masculino;20;Ensino Médio Incompleto;Parda
Fortaleza;AIS 16;HOMICIDIO DOLOSO;2022-09-23;20:49:00;Sexta;Arma de fogo;Masculino;35;Ensino Fundamental Completo;Não Informada
Russas;AIS 01;HOMICIDIO DOLOSO;2022-09-23;21:49:59;Sexta;Arma de fogo;Masculino;14;Ensino Fundamental Completo;Não Informada
Pacajus;AIS 25;HOMICIDIO DOLOSO;2022-09-23;23:50:00;Sexta;Arma de fogo;Masculino;40;Ensino Fundamental Incompleto;Não Informada
Maracanaú;AIS 14;HOMICIDIO DOLOSO;2022-09-24;01:30:00;Sábado;Arma de fogo;Masculino;42;Alfabetizado;Não Informada
Fortaleza;AIS 19;HOMICIDIO DOLOSO;2022-09-24;06:00:00;Sábado;Arma de fogo;Masculino;20;Ensino Fundamental Incompleto;Parda
Fortaleza;AIS 19;HOMICIDIO DOLOSO;2022-09-24;06:00:00;Sábado;Arma de fogo;Masculino;16;Ensino Fundamental Incompleto;Não Informada
Barreira;AIS 29;HOMICIDIO DOLOSO;2022-09-24;14:10:00;Sábado;Arma de fogo;Masculino;51;Não Alfabetizado;Não Informada
Cascavel;AIS 15;HOMICIDIO DOLOSO;2022-09-24;18:45:00;Sábado;Arma branca;Masculino;39;Não Informada;Não Informada
Canindé;AIS 04;HOMICIDIO DOLOSO;2022-09-24;20:35:00;Sábado;Arma de fogo;Masculino;59;Alfabetizado;Branca
Canindé;AIS 04;HOMICIDIO DOLOSO;2022-09-24;20:35:00;Sábado;Arma de fogo;Masculino;52;Alfabetizado;Não Informada
Trairi;AIS 23;HOMICIDIO DOLOSO;2022-09-24;21:19:59;Sábado;Arma de fogo;Masculino;52;Alfabetizado;Parda
Araripe;AIS 33;HOMICIDIO DOLOSO;2022-09-24;22:14:00;Sábado;Arma branca;Masculino;50;Não Informada;Não Informada
Solonópole;AIS 09;HOMICIDIO DOLOSO;2022-09-25;02:19:59;Domingo;Arma branca;Masculino;30;Alfabetizado;Parda
Tianguá;AIS 27;HOMICIDIO DOLOSO;2022-09-25;02:30:00;Domingo;Arma de fogo;Masculino;44;Ensino Fundamental Incompleto;Parda
Juazeiro do Norte;AIS 02;HOMICIDIO DOLOSO;2022-09-25;02:40:00;Domingo;Arma branca;Masculino;24;Não Informada;Não Informada
Fortaleza;AIS 19;ROUBO SEGUIDO DE MORTE (LATROCINIO);2022-09-25;03:30:00;Domingo;Arma de fogo;Feminino;27;Superior Incompleto;Parda
Pedra Branca;AIS 09;HOMICIDIO DOLOSO;2022-09-25;19:30:00;Domingo;Arma de fogo;Masculino;25;Ensino Médio Incompleto;Não Informada
Aquiraz;AIS 15;HOMICIDIO DOLOSO;2022-09-25;19:55:00;Domingo;Arma de fogo;Masculino;26;Ensino Médio Completo;Não Informada
Tamboril;AIS 07;HOMICIDIO DOLOSO;2022-09-25;21:00:00;Domingo;Arma branca;Masculino;37;Alfabetizado;Parda
Tamboril;AIS 07;HOMICIDIO DOLOSO;2022-09-25;21:00:00;Domingo;Arma de fogo;Masculino;23;Alfabetizado;Não Informada
Amontada;AIS 11;HOMICIDIO DOLOSO;2022-09-26;06:00:00;Segunda;Arma de fogo;Masculino;37;Ensino Fundamental Incompleto;Parda
Jaguaretama;AIS 09;HOMICIDIO DOLOSO;2022-09-26;06:29:59;Segunda;Arma branca;Masculino;36;Alfabetizado;Branca
Porteiras;AIS 32;HOMICIDIO DOLOSO;2022-09-26;17:00:00;Segunda;Arma de fogo;Masculino;45;Ensino Médio Completo;Não Informada
Fortaleza;AIS 18;HOMICIDIO DOLOSO;2022-09-26;19:05:00;Segunda;Arma de fogo;Masculino;29;Superior Incompleto;Parda
Cruz;AIS 11;HOMICIDIO DOLOSO;2022-09-26;20:00:00;Segunda;Arma de fogo;Masculino;33;Alfabetizado;Parda
Parambu;AIS 13;HOMICIDIO DOLOSO;2022-09-26;20:30:00;Segunda;Arma de fogo;Masculino;49;Não Informada;Não Informada
Horizonte;AIS 25;HOMICIDIO DOLOSO;2022-09-27;07:45:59;Terça;Arma de fogo;Masculino;17;Alfabetizado;Parda
Madalena;AIS 04;HOMICIDIO DOLOSO;2022-09-27;19:55:00;Terça;Arma de fogo;Masculino;22;Ensino Fundamental Incompleto;Não Informada
Maracanaú;AIS 14;HOMICIDIO DOLOSO;2022-09-27;20:19:59;Terça;Arma de fogo;Masculino;22;Ensino Médio Incompleto;Não Informada
Sobral;AIS 03;HOMICIDIO DOLOSO;2022-09-27;20:30:00;Terça;Arma de fogo;Feminino;45;Alfabetizado;Não Informada
Aracoiaba;AIS 29;HOMICIDIO DOLOSO;2022-09-28;01:30:00;Quarta;Arma de fogo;Masculino;25;Ensino Fundamental Incompleto;Não Informada
Santa Quitéria;AIS 07;HOMICIDIO DOLOSO;2022-09-28;04:39:59;Quarta;Outros meios;Masculino;39;Alfabetizado;Não Informada
Cascavel;AIS 15;HOMICIDIO DOLOSO;2022-09-28;06:00:00;Quarta;Arma branca;Masculino;38;Alfabetizado;Não Informada
Fortaleza;AIS 17;HOMICIDIO DOLOSO;2022-09-28;16:09:59;Quarta;Arma branca;Masculino;50;Ensino Fundamental Incompleto;Não Informada
Sobral;AIS 03;HOMICIDIO DOLOSO;2022-09-28;18:47:00;Quarta;Arma de fogo;Masculino;32;Alfabetizado;Não Informada
Sobral;AIS 03;HOMICIDIO DOLOSO;2022-09-28;18:47:00;Quarta;Arma de fogo;Masculino;42;Não Alfabetizado;Não Informada
Fortaleza;AIS 19;HOMICIDIO DOLOSO;2022-09-28;20:17:59;Quarta;Arma de fogo;Masculino;28;Ensino Médio Incompleto;Parda
Caucaia;AIS 26;HOMICIDIO DOLOSO;2022-09-29;00:40:00;Quinta;Arma de fogo;Masculino;Não Informada;Não Informada;Não Informada
Fortaleza;AIS 21;HOMICIDIO DOLOSO;2022-09-29;07:52:00;Quinta;Arma de fogo;Masculino;28;Ensino Fundamental Completo;Não Informada
Fortaleza;AIS 06;HOMICIDIO DOLOSO;2022-09-29;09:49:59;Quinta;Arma de fogo;Masculino;22;Ensino Fundamental Incompleto;Parda
Sobral;AIS 03;HOMICIDIO DOLOSO;2022-09-29;14:00:00;Quinta;Arma de fogo;Masculino;23;Alfabetizado;Não Informada
Caucaia;AIS 12;HOMICIDIO DOLOSO;2022-09-29;18:00:00;Quinta;Arma de fogo;Masculino;22;Alfabetizado;Não Informada
Carnaubal;AIS 27;FEMINICÍDIO;2022-09-29;18:29:59;Quinta;Outros meios;Feminino;18;Alfabetizado;Parda
Tianguá;AIS 27;HOMICIDIO DOLOSO;2022-09-29;21:00:00;Quinta;Arma de fogo;Masculino;27;Ensino Fundamental Incompleto;Não Informada
Maracanaú;AIS 14;HOMICIDIO DOLOSO;2022-09-30;01:30:00;Sexta;Arma de fogo;Masculino;22;Ensino Médio Completo;Não Informada
Fortaleza;AIS 16;HOMICIDIO DOLOSO;2022-09-30;01:31:00;Sexta;Arma de fogo;Masculino;17;Não Informada;Não Informada
Tianguá;AIS 27;HOMICIDIO DOLOSO;2022-09-30;03:40:00;Sexta;Arma de fogo;Masculino;22;Ensino Fundamental Completo;Parda
Tianguá;AIS 27;HOMICIDIO DOLOSO;2022-09-30;03:40:00;Sexta;Arma de fogo;Feminino;17;Não Informada;Não Informada
Tianguá;AIS 27;HOMICIDIO DOLOSO;2022-09-30;03:40:00;Sexta;Arma de fogo;Masculino;19;Alfabetizado;Não Informada
Fortaleza;AIS 19;HOMICIDIO DOLOSO;2022-09-30;10:30:00;Sexta;Arma de fogo;Masculino;50;Ensino Médio Incompleto;Não Informada
Caucaia;AIS 26;HOMICIDIO DOLOSO;2022-09-30;13:09:59;Sexta;Arma de fogo;Masculino;34;Ensino Fundamental Incompleto;Branca
Horizonte;AIS 25;HOMICIDIO DOLOSO;2022-09-30;14:02:00;Sexta;Arma de fogo;Masculino;31;Alfabetizado;Não Informada
Boa Viagem;AIS 04;HOMICIDIO DOLOSO;2022-09-30;19:30:00;Sexta;Arma de fogo;Masculino;21;Ensino Fundamental Incompleto;Não Informada
São Benedito;AIS 27;HOMICIDIO DOLOSO;2022-10-01;00:00:00;Sábado;Arma branca;Masculino;32;Não Informada;Não Informada
Massapê;AIS 03;HOMICIDIO DOLOSO;2022-10-01;07:30:00;Sábado;Arma de fogo;Masculino;28;Alfabetizado;Parda
Cruz;AIS 11;HOMICIDIO DOLOSO;2022-10-01;07:40:00;Sábado;Arma de fogo;Masculino;21;Ensino Fundamental Incompleto;Não Informada
Fortaleza;AIS 17;HOMICIDIO DOLOSO;2022-10-01;15:00:00;Sábado;Arma de fogo;Feminino;29;Ensino Fundamental Incompleto;Parda
Fortaleza;AIS 17;HOMICIDIO DOLOSO;2022-10-01;22:30:00;Sábado;Arma de fogo;Masculino;19;Ensino Fundamental Incompleto;Parda
São Gonçalo do Amarante;AIS 23;HOMICIDIO DOLOSO;2022-10-02;01:59:59;Domingo;Arma de fogo;Masculino;31;Ensino Médio Completo;Não Informada
Quixeré;AIS 01;HOMICIDIO DOLOSO;2022-10-02;02:30:00;Domingo;Arma de fogo;Masculino;20;Ensino Fundamental Incompleto;Não Informada
Limoeiro do Norte;AIS 01;HOMICIDIO DOLOSO;2022-10-02;12:00:00;Domingo;Arma de fogo;Masculino;24;Alfabetizado;Branca
Crateús;AIS 07;HOMICIDIO DOLOSO;2022-10-02;18:00:00;Domingo;Arma de fogo;Masculino;24;Alfabetizado;Não Informada
Fortaleza;AIS 20;HOMICIDIO DOLOSO;2022-10-02;19:00:00;Domingo;Arma de fogo;Masculino;69;Alfabetizado;Não Informada
Jaguaribe;AIS 31;HOMICIDIO DOLOSO;2022-10-02;21:15:00;Domingo;Arma de fogo;Feminino;22;Alfabetizado;Parda
Morada Nova;AIS 09;HOMICIDIO DOLOSO;2022-10-03;05:00:00;Segunda;Arma de fogo;Masculino;23;Não Informada;Não Informada
Morada Nova;AIS 09;HOMICIDIO DOLOSO;2022-10-03;05:00:00;Segunda;Arma de fogo;Masculino;21;Superior Incompleto;Não Informada
Limoeiro do Norte;AIS 01;HOMICIDIO DOLOSO;2022-10-03;09:40:00;Segunda;Arma de fogo;Masculino;33;Ensino Fundamental Completo;Não Informada
Eusébio;AIS 15;HOMICIDIO DOLOSO;2022-10-03;11:50:00;Segunda;Arma de fogo;Masculino;22;Ensino Médio Incompleto;Não Informada
Trairi;AIS 23;HOMICIDIO DOLOSO;2022-10-03;13:00:00;Segunda;Arma de fogo;Masculino;64;Alfabetizado;Parda
Fortaleza;AIS 20;HOMICIDIO DOLOSO;2022-10-03;16:00:00;Segunda;Arma de fogo;Masculino;25;Alfabetizado;Não Informada
Boa Viagem;AIS 04;HOMICIDIO DOLOSO;2022-10-03;20:00:00;Segunda;Arma de fogo;Masculino;17;Ensino Médio Incompleto;Parda
Beberibe;AIS 30;HOMICIDIO DOLOSO;2022-10-04;06:00:00;Terça;Arma de fogo;Masculino;24;Alfabetizado;Parda
Forquilha;AIS 03;HOMICIDIO DOLOSO;2022-10-04;10:00:00;Terça;Arma de fogo;Masculino;26;Não Informada;Não Informada
Caucaia;AIS 26;HOMICIDIO DOLOSO;2022-10-04;12:53:00;Terça;Arma de fogo;Masculino;33;Ensino Médio Completo;Não Informada
Juazeiro do Norte;AIS 02;HOMICIDIO DOLOSO;2022-10-04;13:49:59;Terça;Arma de fogo;Masculino;28;Alfabetizado;Não Informada
Ararendá;AIS 07;HOMICIDIO DOLOSO;2022-10-04;16:00:00;Terça;Arma de fogo;Feminino;25;Ensino Médio Completo;Parda
Pacajus;AIS 25;HOMICIDIO DOLOSO;2022-10-04;18:30:00;Terça;Arma de fogo;Masculino;34;Ensino Fundamental Completo;Não Informada
Granja;AIS 28;HOMICIDIO DOLOSO;2022-10-04;19:00:00;Terça;Arma branca;Masculino;30;Ensino Fundamental Completo;Parda
Quixadá;AIS 09;HOMICIDIO DOLOSO;2022-10-04;19:00:00;Terça;Arma de fogo;Feminino;42;Ensino Fundamental Incompleto;Não Informada
Tianguá;AIS 27;HOMICIDIO DOLOSO;2022-10-04;19:59:59;Terça;Arma de fogo;Masculino;27;Ensino Médio Incompleto;Não Informada
Frecheirinha;AIS 03;HOMICIDIO DOLOSO;2022-10-04;21:29:59;Terça;Arma de fogo;Masculino;33;Alfabetizado;Parda
Fortaleza;AIS 19;HOMICIDIO DOLOSO;2022-10-05;17:44:59;Quarta;Arma de fogo;Masculino;22;Ensino Fundamental Incompleto;Não Informada
Horizonte;AIS 25;HOMICIDIO DOLOSO;2022-10-05;19:00:00;Quarta;Arma de fogo;Masculino;20;Alfabetizado;Não Informada
Maracanaú;AIS 14;HOMICIDIO DOLOSO;2022-10-05;20:47:00;Quarta;Arma de fogo;Masculino;26;Ensino Fundamental Completo;Não Informada
Aracati;AIS 30;HOMICIDIO DOLOSO;2022-10-05;22:30:00;Quarta;Arma de fogo;Masculino;29;Alfabetizado;Não Informada
Aracati;AIS 30;HOMICIDIO DOLOSO;2022-10-05;22:30:00;Quarta;Arma de fogo;Masculino;20;Não Informada;Não Informada
Itaitinga;AIS 25;HOMICIDIO DOLOSO;2022-10-05;22:45:00;Quarta;Outros meios;Masculino;40;Ensino Fundamental Incompleto;Não Informada
Forquilha;AIS 03;HOMICIDIO DOLOSO;2022-10-06;03:00:00;Quinta;Arma de fogo;Masculino;27;Alfabetizado;Parda
Boa Viagem;AIS 04;HOMICIDIO DOLOSO;2022-10-06;03:45:00;Quinta;Arma de fogo;Masculino;24;Alfabetizado;Parda
Forquilha;AIS 03;HOMICIDIO DOLOSO;2022-10-06;04:00:00;Quinta;Outros meios;Masculino;51;Não Informada;Parda
Caucaia;AIS 12;HOMICIDIO DOLOSO;2022-10-06;09:07:00;Quinta;Arma de fogo;Masculino;16;Ensino Fundamental Incompleto;Não Informada
Fortaleza;AIS 17;HOMICIDIO DOLOSO;2022-10-06;10:23:00;Quinta;Arma de fogo;Feminino;41;Alfabetizado;Não Informada
Fortaleza;AIS 16;HOMICIDIO DOLOSO;2022-10-06;10:30:00;Quinta;Arma de fogo;Masculino;32;Superior Incompleto;Não Informada
Missão Velha;AIS 02;HOMICIDIO DOLOSO;2022-10-06;10:49:59;Quinta;Arma de fogo;Masculino;41;Alfabetizado;Não Informada
Fortaleza;AIS 16;HOMICIDIO DOLOSO;2022-10-06;13:56:00;Quinta;Arma de fogo;Masculino;46;Ensino Fundamental Incompleto;Parda
Pacajus;AIS 25;HOMICIDIO DOLOSO;2022-10-06;17:40:00;Quinta;Arma de fogo;Masculino;18;Alfabetizado;Não Informada
Mucambo;AIS 03;HOMICIDIO DOLOSO;2022-10-06;18:49:59;Quinta;Arma de fogo;Masculino;17;Ensino Fundamental Incompleto;Branca
Mucambo;AIS 03;HOMICIDIO DOLOSO;2022-10-06;18:49:59;Quinta;Arma de fogo;Masculino;27;Ensino Fundamental Incompleto;Não Informada
Fortaleza;AIS 19;HOMICIDIO DOLOSO;2022-10-07;02:30:00;Sexta;Arma de fogo;Masculino;18;Alfabetizado;Não Informada
Acopiara;AIS 10;HOMICIDIO DOLOSO;2022-10-07;06:00:00;Sexta;Arma de fogo;Masculino;35;Alfabetizado;Branca
Pacoti;AIS 29;HOMICIDIO DOLOSO;2022-10-07;13:30:00;Sexta;Arma de fogo;Masculino;59;Ensino Fundamental Completo;Não Informada
Eusébio;AIS 15;HOMICIDIO DOLOSO;2022-10-07;13:59:59;Sexta;Arma de fogo;Masculino;28;Ensino Fundamental Completo;Branca
Juazeiro do Norte;AIS 02;HOMICIDIO DOLOSO;2022-10-07;20:08:00;Sexta;Arma branca;Masculino;25;Não Alfabetizado;Não Informada
Pedra Branca;AIS 09;HOMICIDIO DOLOSO;2022-10-07;20:30:00;Sexta;Arma de fogo;Masculino;18;Ensino Médio Incompleto;Não Informada
Fortaleza;AIS 16;HOMICIDIO DOLOSO;2022-10-07;21:19:59;Sexta;Arma de fogo;Masculino;18;Alfabetizado;Parda
Aquiraz;AIS 15;HOMICIDIO DOLOSO;2022-10-07;21:29:00;Sexta;Arma de fogo;Masculino;18;Alfabetizado;Parda
Aquiraz;AIS 15;HOMICIDIO DOLOSO;2022-10-07;21:29:00;Sexta;Arma de fogo;Masculino;24;Ensino Fundamental Incompleto;Não Informada
Tianguá;AIS 27;HOMICIDIO DOLOSO;2022-10-07;22:59:59;Sexta;Arma de fogo;Masculino;20;Ensino Fundamental Incompleto;Parda
São Benedito;AIS 27;HOMICIDIO DOLOSO;2022-10-08;01:30:00;Sábado;Arma branca;Masculino;29;Alfabetizado;Parda
Palhano;AIS 30;HOMICIDIO DOLOSO;2022-10-08;01:59:59;Sábado;Arma de fogo;Masculino;32;Não Informada;Não Informada
Cascavel;AIS 15;HOMICIDIO DOLOSO;2022-10-08;06:00:00;Sábado;Arma de fogo;Masculino;24;Ensino Médio Completo;Não Informada
São Luís do Curu;AIS 23;HOMICIDIO DOLOSO;2022-10-08;09:15:00;Sábado;Arma de fogo;Masculino;55;Não Alfabetizado;Parda
Jaguaribe;AIS 31;HOMICIDIO DOLOSO;2022-10-08;12:12:40;Sábado;Arma branca;Masculino;11;Não Alfabetizado;Parda
Jaguaribe;AIS 31;HOMICIDIO DOLOSO;2022-10-08;12:12:40;Sábado;Arma branca;Feminino;61;Alfabetizado;Não Informada
Fortaleza;AIS 20;HOMICIDIO DOLOSO;2022-10-08;16:59:59;Sábado;Arma de fogo;Masculino;34;Alfabetizado;Não Informada
Crato;AIS 02;HOMICIDIO DOLOSO;2022-10-08;23:00:00;Sábado;Arma de fogo;Masculino;42;Alfabetizado;Não Informada
Pacatuba;AIS 24;HOMICIDIO DOLOSO;2022-10-09;00:15:00;Domingo;Arma de fogo;Masculino;17;Ensino Médio Incompleto;Parda
Paraipaba;AIS 23;HOMICIDIO DOLOSO;2022-10-09;01:06:00;Domingo;Arma de fogo;Masculino;30;Não Alfabetizado;Não Informada
Fortaleza;AIS 21;HOMICIDIO DOLOSO;2022-10-09;01:59:59;Domingo;Arma de fogo;Masculino;31;Ensino Fundamental Completo;Não Informada
Sobral;AIS 03;HOMICIDIO DOLOSO;2022-10-09;04:20:00;Domingo;Arma de fogo;Masculino;24;Alfabetizado;Branca
Cascavel;AIS 15;HOMICIDIO DOLOSO;2022-10-09;14:30:00;Domingo;Arma de fogo;Masculino;42;Alfabetizado;Não Informada
Fortaleza;AIS 21;HOMICIDIO DOLOSO;2022-10-09;16:45:00;Domingo;Arma de fogo;Masculino;21;Não Informada;Não Informada
Fortaleza;AIS 19;HOMICIDIO DOLOSO;2022-10-09;21:00:00;Domingo;Arma de fogo;Masculino;17;Não Informada;Não Informada
Independência;AIS 07;HOMICIDIO DOLOSO;2022-10-09;21:30:00;Domingo;Arma de fogo;Masculino;33;Não Informada;Parda
Fortaleza;AIS 22;HOMICIDIO DOLOSO;2022-10-09;22:45:00;Domingo;Arma de fogo;Masculino;17;Ensino Fundamental Completo;Parda
Fortaleza;AIS 22;HOMICIDIO DOLOSO;2022-10-09;22:45:00;Domingo;Arma de fogo;Feminino;18;Não Informada;Parda
Jaguaribara;AIS 31;HOMICIDIO DOLOSO;2022-10-09;23:00:00;Domingo;Arma de fogo;Feminino;16;Ensino Médio Incompleto;Branca
Fortaleza;AIS 17;HOMICIDIO DOLOSO;2022-10-10;01:00:00;Segunda;Arma branca;Masculino;43;Ensino Fundamental Incompleto;Parda
Farias Brito;AIS 02;HOMICIDIO DOLOSO;2022-10-10;19:00:00;Segunda;Arma de fogo;Masculino;51;Alfabetizado;Não Informada
Iguatu;AIS 10;HOMICIDIO DOLOSO;2022-10-10;20:10:00;Segunda;Arma de fogo;Masculino;51;Ensino Fundamental Incompleto;Não Informada
Quixelô;AIS 10;HOMICIDIO DOLOSO;2022-10-10;22:10:00;Segunda;Arma de fogo;Masculino;36;Ensino Médio Completo;Não Informada
Itapajé;AIS 11;HOMICIDIO DOLOSO;2022-10-11;00:40:00;Terça;Outros meios;Masculino;58;Não Informada;Parda
Horizonte;AIS 25;HOMICIDIO DOLOSO;2022-10-11;04:59:59;Terça;Arma de fogo;Masculino;34;Ensino Fundamental Completo;Parda
Maracanaú;AIS 14;HOMICIDIO DOLOSO;2022-10-11;14:39:59;Terça;Arma de fogo;Masculino;35;Ensino Fundamental Incompleto;Não Informada
Maracanaú;AIS 14;HOMICIDIO DOLOSO;2022-10-11;14:39:59;Terça;Arma de fogo;Masculino;40;Ensino Médio Completo;Não Informada
Tabuleiro do Norte;AIS 01;HOMICIDIO DOLOSO;2022-10-11;15:24:59;Terça;Arma de fogo;Masculino;46;Não Alfabetizado;Não Informada
Fortaleza;AIS 18;HOMICIDIO DOLOSO;2022-10-11;18:40:00;Terça;Arma de fogo;Masculino;37;Ensino Fundamental Incompleto;Não Informada
Horizonte;AIS 25;HOMICIDIO DOLOSO;2022-10-11;19:20:00;Terça;Arma de fogo;Masculino;27;Alfabetizado;Não Informada
Quixeré;AIS 01;HOMICIDIO DOLOSO;2022-10-12;01:30:00;Quarta;Arma de fogo;Masculino;23;Alfabetizado;Não Informada
Quixeré;AIS 01;HOMICIDIO DOLOSO;2022-10-12;01:30:00;Quarta;Arma de fogo;Masculino;28;Alfabetizado;Não Informada
Fortaleza;AIS 16;HOMICIDIO DOLOSO;2022-10-12;10:30:00;Quarta;Arma de fogo;Masculino;40;Ensino Médio Incompleto;Parda
Sobral;AIS 03;HOMICIDIO DOLOSO;2022-10-12;16:10:00;Quarta;Arma de fogo;Masculino;17;Alfabetizado;Parda
Maracanaú;AIS 14;HOMICIDIO DOLOSO;2022-10-12;20:00:00;Quarta;Arma de fogo;Masculino;21;Ensino Médio Incompleto;Não Informada
Fortaleza;AIS 19;HOMICIDIO DOLOSO;2022-10-12;22:40:00;Quarta;Arma de fogo;Masculino;38;Ensino Fundamental Completo;Não Informada
Cedro;AIS 34;FEMINICÍDIO;2022-10-13;00:00:00;Quinta;Arma branca;Feminino;24;Ensino Médio Incompleto;Branca
Cascavel;AIS 15;HOMICIDIO DOLOSO;2022-10-13;09:30:00;Quinta;Arma de fogo;Masculino;33;Ensino Fundamental Completo;Não Informada
Boa Viagem;AIS 04;HOMICIDIO DOLOSO;2022-10-13;10:00:00;Quinta;Arma de fogo;Masculino;24;Alfabetizado;Não Informada
Ibiapina;AIS 27;HOMICIDIO DOLOSO;2022-10-13;11:00:00;Quinta;Arma de fogo;Masculino;59;Alfabetizado;Não Informada
Caucaia;AIS 26;HOMICIDIO DOLOSO;2022-10-13;12:40:00;Quinta;Arma de fogo;Masculino;25;Ensino Fundamental Completo;Parda
Fortaleza;AIS 06;HOMICIDIO DOLOSO;2022-10-13;13:40:00;Quinta;Arma de fogo;Masculino;47;Alfabetizado;Não Informada
Fortaleza;AIS 06;HOMICIDIO DOLOSO;2022-10-13;13:40:00;Quinta;Arma de fogo;Masculino;47;Alfabetizado;Não Informada
Capistrano;AIS 29;HOMICIDIO DOLOSO;2022-10-13;15:30:00;Quinta;Arma de fogo;Feminino;16;Ensino Fundamental Incompleto;Não Informada
Caridade;AIS 04;HOMICIDIO DOLOSO;2022-10-13;18:30:00;Quinta;Arma de fogo;Masculino;32;Não Informada;Não Informada
Caucaia;AIS 26;HOMICIDIO DOLOSO;2022-10-13;22:40:00;Quinta;Arma de fogo;Masculino;21;Alfabetizado;Não Informada
Morada Nova;AIS 09;HOMICIDIO DOLOSO;2022-10-14;03:00:00;Sexta;Arma de fogo;Masculino;43;Alfabetizado;Não Informada
Jucás;AIS 10;HOMICIDIO DOLOSO;2022-10-14;03:15:59;Sexta;Arma de fogo;Masculino;18;Ensino Fundamental Incompleto;Não Informada
Paramoti;AIS 04;HOMICIDIO DOLOSO;2022-10-14;06:00:00;Sexta;Arma de fogo;Masculino;23;Não Informada;Não Informada
Boa Viagem;AIS 04;HOMICIDIO DOLOSO;2022-10-14;06:49:59;Sexta;Arma branca;Feminino;26;Alfabetizado;Não Informada
Caucaia;AIS 12;HOMICIDIO DOLOSO;2022-10-14;13:30:00;Sexta;Arma de fogo;Masculino;27;Ensino Fundamental Incompleto;Não Informada
Paraipaba;AIS 23;HOMICIDIO DOLOSO;2022-10-14;17:50:00;Sexta;Arma de fogo;Masculino;20;Ensino Médio Incompleto;Não Informada
Chaval;AIS 28;HOMICIDIO DOLOSO;2022-10-14;22:30:00;Sexta;Arma de fogo;Masculino;23;Ensino Médio Incompleto;Branca
Cariré;AIS 03;HOMICIDIO DOLOSO;2022-10-15;05:39:59;Sábado;Arma de fogo;Masculino;57;Ensino Fundamental Completo;Não Informada
Sobral;AIS 03;HOMICIDIO DOLOSO;2022-10-15;05:55:00;Sábado;Arma de fogo;Masculino;23;Não Alfabetizado;Parda
Coreaú;AIS 03;HOMICIDIO DOLOSO;2022-10-15;07:00:00;Sábado;Arma de fogo;Masculino;27;Alfabetizado;Não Informada
Fortaleza;AIS 17;HOMICIDIO DOLOSO;2022-10-15;13:39:59;Sábado;Arma branca;Masculino;33;Ensino Fundamental Incompleto;Não Informada
Limoeiro do Norte;AIS 01;HOMICIDIO DOLOSO;2022-10-15;15:40:00;Sábado;Arma de fogo;Masculino;19;Ensino Médio Incompleto;Não Informada
Barreira;AIS 29;HOMICIDIO DOLOSO;2022-10-15;20:00:00;Sábado;Arma de fogo;Feminino;32;Ensino Médio Completo;Parda
Cariré;AIS 03;HOMICIDIO DOLOSO;2022-10-16;00:26:00;Domingo;Arma de fogo;Masculino;22;Alfabetizado;Não Informada
Sobral;AIS 03;HOMICIDIO DOLOSO;2022-10-16;02:19:59;Domingo;Arma de fogo;Masculino;35;Ensino Fundamental Completo;Não Informada
Tabuleiro do Norte;AIS 01;HOMICIDIO DOLOSO;2022-10-16;05:44:59;Domingo;Arma branca;Masculino;31;Ensino Fundamental Completo;Parda
Fortaleza;AIS 22;HOMICIDIO DOLOSO;2022-10-16;08:37:00;Domingo;Outros meios;Feminino;35;Alfabetizado;Não Informada
Viçosa do Ceará;AIS 27;HOMICIDIO DOLOSO;2022-10-16;09:29:59;Domingo;Arma branca;Masculino;25;Não Informada;Não Informada
Granja;AIS 28;HOMICIDIO DOLOSO;2022-10-16;11:55:00;Domingo;Arma de fogo;Masculino;29;Alfabetizado;Parda
Icapuí;AIS 30;HOMICIDIO DOLOSO;2022-10-16;14:30:00;Domingo;Arma branca;Masculino;50;Alfabetizado;Branca
Fortaleza;AIS 16;HOMICIDIO DOLOSO;2022-10-16;15:29:59;Domingo;Arma de fogo;Masculino;38;Não Alfabetizado;Não Informada
Limoeiro do Norte;AIS 01;HOMICIDIO DOLOSO;2022-10-16;17:00:00;Domingo;Arma de fogo;Masculino;16;Alfabetizado;Não Informada
Maranguape;AIS 24;HOMICIDIO DOLOSO;2022-10-16;19:00:00;Domingo;Arma de fogo;Masculino;25;Ensino Médio Incompleto;Parda
Maracanaú;AIS 14;HOMICIDIO DOLOSO;2022-10-16;20:30:00;Domingo;Arma de fogo;Masculino;18;Ensino Médio Incompleto;Não Informada
Guaiúba;AIS 24;HOMICIDIO DOLOSO;2022-10-16;20:35:00;Domingo;Arma de fogo;Masculino;27;Alfabetizado;Não Informada
Crato;AIS 02;HOMICIDIO DOLOSO;2022-10-16;23:10:00;Domingo;Arma de fogo;Masculino;28;Alfabetizado;Preta
Itaitinga;AIS 25;HOMICIDIO DOLOSO;2022-10-17;06:29:59;Segunda;Arma de fogo;Masculino;21;Ensino Fundamental Incompleto;Não Informada
Fortaleza;AIS 16;HOMICIDIO DOLOSO;2022-10-17;12:29:59;Segunda;Arma de fogo;Masculino;30;Superior Incompleto;Parda
Fortaleza;AIS 06;HOMICIDIO DOLOSO;2022-10-17;16:30:00;Segunda;Arma de fogo;Masculino;30;Ensino Médio Completo;Não Informada
Madalena;AIS 04;HOMICIDIO DOLOSO;2022-10-18;07:00:00;Terça;Arma de fogo;Masculino;21;Alfabetizado;Não Informada
Fortaleza;AIS 06;HOMICIDIO DOLOSO;2022-10-18;12:00:00;Terça;Arma de fogo;Masculino;25;Ensino Fundamental Completo;Não Informada
Croatá;AIS 27;HOMICIDIO DOLOSO;2022-10-18;14:40:00;Terça;Arma de fogo;Feminino;21;Ensino Fundamental Incompleto;Parda
Fortaleza;AIS 19;HOMICIDIO DOLOSO;2022-10-18;15:50:59;Terça;Arma de fogo;Masculino;38;Não Informada;Não Informada
Fortaleza;AIS 20;HOMICIDIO DOLOSO;2022-10-18;20:00:00;Terça;Arma de fogo;Feminino;18;Ensino Fundamental Incompleto;Não Informada
Itapajé;AIS 11;HOMICIDIO DOLOSO;2022-10-18;21:30:00;Terça;Arma de fogo;Masculino;27;Alfabetizado;Não Informada
Assaré;AIS 33;HOMICIDIO DOLOSO;2022-10-18;23:50:00;Terça;Arma branca;Feminino;Não Informada;Não Informada;Não Informada
Caucaia;AIS 12;HOMICIDIO DOLOSO;2022-10-19;03:49:59;Quarta;Arma de fogo;Masculino;37;Alfabetizado;Não Informada
Monsenhor Tabosa;AIS 07;HOMICIDIO DOLOSO;2022-10-19;10:59:59;Quarta;Arma branca;Masculino;21;Ensino Médio Incompleto;Não Informada
Caucaia;AIS 26;HOMICIDIO DOLOSO;2022-10-19;15:17:00;Quarta;Arma de fogo;Masculino;Não Informada;Não Informada;Não Informada
Massapê;AIS 03;HOMICIDIO DOLOSO;2022-10-19;16:00:00;Quarta;Arma de fogo;Masculino;30;Ensino Médio Incompleto;Branca
Aquiraz;AIS 15;HOMICIDIO DOLOSO;2022-10-19;18:00:00;Quarta;Arma branca;Masculino;23;Alfabetizado;Não Informada
Maranguape;AIS 24;HOMICIDIO DOLOSO;2022-10-19;21:45:00;Quarta;Arma de fogo;Masculino;30;Ensino Médio Incompleto;Parda
Aquiraz;AIS 15;HOMICIDIO DOLOSO;2022-10-20;08:58:00;Quinta;Arma de fogo;Masculino;28;Alfabetizado;Não Informada
Chorozinho;AIS 25;HOMICIDIO DOLOSO;2022-10-20;12:00:00;Quinta;Outros meios;Masculino;21;Não Informada;Não Informada
Tianguá;AIS 27;HOMICIDIO DOLOSO;2022-10-20;16:59:59;Quinta;Arma de fogo;Masculino;24;Alfabetizado;Branca
Fortaleza;AIS 18;HOMICIDIO DOLOSO;2022-10-20;17:14:00;Quinta;Arma branca;Masculino;Não Informada;Não Informada;Não Informada
Fortaleza;AIS 19;HOMICIDIO DOLOSO;2022-10-20;19:00:00;Quinta;Arma de fogo;Masculino;25;Alfabetizado;Não Informada
Fortaleza;AIS 21;HOMICIDIO DOLOSO;2022-10-20;19:00:00;Quinta;Arma de fogo;Masculino;19;Não Informada;Não Informada
Ubajara;AIS 27;HOMICIDIO DOLOSO;2022-10-20;19:30:00;Quinta;Arma de fogo;Feminino;23;Alfabetizado;Não Informada
Icapuí;AIS 30;HOMICIDIO DOLOSO;2022-10-20;21:00:00;Quinta;Arma de fogo;Masculino;34;Alfabetizado;Não Informada
Fortaleza;AIS 17;HOMICIDIO DOLOSO;2022-10-20;22:09:59;Quinta;Arma de fogo;Masculino;30;Ensino Fundamental Completo;Parda
São Luís do Curu;AIS 23;HOMICIDIO DOLOSO;2022-10-20;22:59:59;Quinta;Arma de fogo;Masculino;30;Ensino Médio Completo;Não Informada
Juazeiro do Norte;AIS 02;HOMICIDIO DOLOSO;2022-10-21;06:00:00;Sexta;Arma de fogo;Masculino;23;Alfabetizado;Não Informada
Fortaleza;AIS 06;HOMICIDIO DOLOSO;2022-10-21;12:04:59;Sexta;Arma de fogo;Masculino;45;Ensino Médio Incompleto;Não Informada
São Gonçalo do Amarante;AIS 23;HOMICIDIO DOLOSO;2022-10-21;13:20:00;Sexta;Arma de fogo;Masculino;Não Informada;Não Informada;Não Informada
Fortaleza;AIS 19;HOMICIDIO DOLOSO;2022-10-21;18:45:00;Sexta;Arma de fogo;Masculino;20;Não Informada;Parda
Paraipaba;AIS 23;HOMICIDIO DOLOSO;2022-10-22;01:50:00;Sábado;Arma de fogo;Masculino;32;Ensino Médio Completo;Não Informada
Acarape;AIS 29;HOMICIDIO DOLOSO;2022-10-22;02:19:59;Sábado;Arma de fogo;Masculino;21;Ensino Fundamental Incompleto;Não Informada
Aquiraz;AIS 15;HOMICIDIO DOLOSO;2022-10-22;02:30:00;Sábado;Arma de fogo;Masculino;21;Ensino Fundamental Incompleto;Não Informada
Maranguape;AIS 24;HOMICIDIO DOLOSO;2022-10-22;03:00:00;Sábado;Arma de fogo;Masculino;36;Ensino Médio Completo;Não Informada
Fortaleza;AIS 18;HOMICIDIO DOLOSO;2022-10-22;06:00:00;Sábado;Arma de fogo;Masculino;28;Ensino Fundamental Incompleto;Não Informada
Aquiraz;AIS 15;HOMICIDIO DOLOSO;2022-10-22;07:20:00;Sábado;Arma de fogo;Masculino;49;Ensino Fundamental Incompleto;Não Informada
Morada Nova;AIS 09;HOMICIDIO DOLOSO;2022-10-22;09:29:59;Sábado;Arma de fogo;Masculino;32;Ensino Médio Completo;Não Informada
Fortaleza;AIS 06;HOMICIDIO DOLOSO;2022-10-22;21:09:59;Sábado;Arma de fogo;Masculino;34;Superior Incompleto;Não Informada
Fortaleza;AIS 18;HOMICIDIO DOLOSO;2022-10-22;23:30:00;Sábado;Arma de fogo;Masculino;18;Ensino Fundamental Incompleto;Não Informada
Fortaleza;AIS 06;HOMICIDIO DOLOSO;2022-10-23;01:00:00;Domingo;Arma de fogo;Masculino;19;Ensino Médio Incompleto;Parda
Fortaleza;AIS 16;HOMICIDIO DOLOSO;2022-10-23;02:30:00;Domingo;Arma de fogo;Masculino;18;Alfabetizado;Não Informada
Sobral;AIS 03;HOMICIDIO DOLOSO;2022-10-23;03:04:59;Domingo;Arma de fogo;Masculino;29;Ensino Fundamental Completo;Não Informada
Sobral;AIS 03;HOMICIDIO DOLOSO;2022-10-23;03:04:59;Domingo;Arma de fogo;Masculino;21;Não Informada;Não Informada
Fortaleza;AIS 16;HOMICIDIO DOLOSO;2022-10-23;04:00:00;Domingo;Arma de fogo;Feminino;21;Alfabetizado;Não Informada
Fortaleza;AIS 19;HOMICIDIO DOLOSO;2022-10-23;05:30:00;Domingo;Arma de fogo;Masculino;41;Ensino Médio Completo;Parda
Fortaleza;AIS 17;HOMICIDIO DOLOSO;2022-10-23;05:44:59;Domingo;Arma de fogo;Masculino;20;Ensino Fundamental Completo;Não Informada
Alcântaras;AIS 03;FEMINICÍDIO;2022-10-23;06:29:59;Domingo;Arma branca;Feminino;18;Não Informada;Não Informada
Pedra Branca;AIS 09;HOMICIDIO DOLOSO;2022-10-23;08:30:00;Domingo;Outros meios;Masculino;28;Alfabetizado;Não Informada
Fortaleza;AIS 06;HOMICIDIO DOLOSO;2022-10-23;09:00:00;Domingo;Arma branca;Masculino;Não Informada;Não Informada;Não Informada
Fortaleza;AIS 18;HOMICIDIO DOLOSO;2022-10-23;12:20:00;Domingo;Arma de fogo;Masculino;Não Informada;Não Informada;Não Informada
Itaitinga;AIS 25;HOMICIDIO DOLOSO;2022-10-23;13:30:00;Domingo;Arma de fogo;Masculino;26;Ensino Fundamental Completo;Não Informada
Amontada;AIS 11;HOMICIDIO DOLOSO;2022-10-23;15:19:59;Domingo;Arma de fogo;Masculino;29;Alfabetizado;Parda
Maracanaú;AIS 14;HOMICIDIO DOLOSO;2022-10-23;18:09:59;Domingo;Arma de fogo;Masculino;19;Alfabetizado;Não Informada
Camocim;AIS 28;HOMICIDIO DOLOSO;2022-10-23;19:30:00;Domingo;Arma branca;Masculino;33;Alfabetizado;Parda
Mucambo;AIS 03;HOMICIDIO DOLOSO;2022-10-23;20:39:59;Domingo;Outros meios;Masculino;44;Não Informada;Não Informada
Maracanaú;AIS 14;HOMICIDIO DOLOSO;2022-10-23;20:46:00;Domingo;Arma de fogo;Masculino;24;Alfabetizado;Parda
Caucaia;AIS 12;HOMICIDIO DOLOSO;2022-10-23;22:30:00;Domingo;Outros meios;Masculino;34;Ensino Médio Incompleto;Não Informada
Fortaleza;AIS 22;HOMICIDIO DOLOSO;2022-10-23;23:39:59;Domingo;Arma de fogo;Masculino;33;Ensino Fundamental Incompleto;Parda
Aquiraz;AIS 15;HOMICIDIO DOLOSO;2022-10-24;03:49:59;Segunda;Arma de fogo;Masculino;27;Superior Completo;Não Informada
Uruburetama;AIS 11;HOMICIDIO DOLOSO;2022-10-24;07:30:00;Segunda;Arma de fogo;Masculino;31;Alfabetizado;Não Informada
Fortaleza;AIS 18;HOMICIDIO DOLOSO;2022-10-24;08:30:00;Segunda;Arma de fogo;Masculino;Não Informada;Não Informada;Não Informada
Fortaleza;AIS 19;HOMICIDIO DOLOSO;2022-10-24;13:09:59;Segunda;Outros meios;Masculino;Não Informada;Não Informada;Não Informada
Maracanaú;AIS 14;HOMICIDIO DOLOSO;2022-10-24;13:32:59;Segunda;Arma de fogo;Masculino;46;Alfabetizado;Parda
Fortaleza;AIS 20;HOMICIDIO DOLOSO;2022-10-24;22:07:00;Segunda;Arma de fogo;Masculino;27;Ensino Fundamental Completo;Não Informada
Aratuba;AIS 29;HOMICIDIO DOLOSO;2022-10-24;22:30:00;Segunda;Arma de fogo;Masculino;16;Alfabetizado;Não Informada
Fortaleza;AIS 06;HOMICIDIO DOLOSO;2022-10-25;04:59:59;Terça;Arma de fogo;Masculino;20;Ensino Fundamental Incompleto;Não Informada
Trairi;AIS 23;HOMICIDIO DOLOSO;2022-10-25;17:39:59;Terça;Arma de fogo;Masculino;45;Alfabetizado;Não Informada
Itapajé;AIS 11;HOMICIDIO DOLOSO;2022-10-25;19:00:00;Terça;Arma de fogo;Masculino;21;Ensino Fundamental Incompleto;Parda
Maracanaú;AIS 14;HOMICIDIO DOLOSO;2022-10-25;19:30:00;Terça;Arma de fogo;Masculino;30;Ensino Médio Incompleto;Branca
Sobral;AIS 03;HOMICIDIO DOLOSO;2022-10-25;22:00:00;Terça;Arma de fogo;Masculino;20;Alfabetizado;Não Informada
Canindé;AIS 04;HOMICIDIO DOLOSO;2022-10-26;02:39:59;Quarta;Arma de fogo;Masculino;21;Alfabetizado;Não Informada
Miraíma;AIS 11;HOMICIDIO DOLOSO;2022-10-26;16:59:59;Quarta;Arma de fogo;Masculino;35;Alfabetizado;Não Informada
Assaré;AIS 33;HOMICIDIO DOLOSO;2022-10-26;17:13:59;Quarta;Arma branca;Masculino;55;Não Informada;Não Informada
Caucaia;AIS 26;HOMICIDIO DOLOSO;2022-10-26;17:47:00;Quarta;Arma de fogo;Masculino;Não Informada;Não Informada;Não Informada
Caucaia;AIS 12;HOMICIDIO DOLOSO;2022-10-26;19:59:59;Quarta;Arma de fogo;Masculino;16;Ensino Médio Incompleto;Parda
Fortaleza;AIS 21;HOMICIDIO DOLOSO;2022-10-26;23:57:00;Quarta;Arma de fogo;Masculino;34;Ensino Médio Incompleto;Não Informada
Quixadá;AIS 09;HOMICIDIO DOLOSO;2022-10-27;00:29:59;Quinta;Arma de fogo;Masculino;24;Não Informada;Não Informada
Quixadá;AIS 09;HOMICIDIO DOLOSO;2022-10-27;00:29:59;Quinta;Arma de fogo;Feminino;62;Alfabetizado;Não Informada
Fortaleza;AIS 06;HOMICIDIO DOLOSO;2022-10-27;06:27:59;Quinta;Arma de fogo;Masculino;Não Informada;Não Informada;Não Informada
Russas;AIS 01;HOMICIDIO DOLOSO;2022-10-27;07:30:00;Quinta;Arma de fogo;Masculino;25;Ensino Fundamental Incompleto;Parda
Sobral;AIS 03;HOMICIDIO DOLOSO;2022-10-27;07:59:59;Quinta;Arma de fogo;Masculino;25;Ensino Fundamental Completo;Branca
Fortaleza;AIS 19;HOMICIDIO DOLOSO;2022-10-27;10:00:00;Quinta;Arma de fogo;Masculino;27;Ensino Fundamental Completo;Não Informada
Fortaleza;AIS 20;HOMICIDIO DOLOSO;2022-10-27;13:45:00;Quinta;Arma de fogo;Masculino;21;Alfabetizado;Não Informada
Caucaia;AIS 12;HOMICIDIO DOLOSO;2022-10-27;14:13:00;Quinta;Arma de fogo;Masculino;34;Ensino Fundamental Completo;Não Informada
Pacatuba;AIS 24;LESAO CORPORAL SEGUIDA DE MORTE;2022-10-27;18:09:59;Quinta;Outros meios;Masculino;55;Não Alfabetizado;Não Informada
Independência;AIS 07;HOMICIDIO DOLOSO;2022-10-27;18:20:00;Quinta;Arma de fogo;Masculino;26;Ensino Médio Incompleto;Não Informada
Pacajus;AIS 25;HOMICIDIO DOLOSO;2022-10-27;19:00:00;Quinta;Arma de fogo;Masculino;27;Alfabetizado;Não Informada
Pacajus;AIS 25;HOMICIDIO DOLOSO;2022-10-27;19:00:00;Quinta;Arma de fogo;Feminino;Não Informada;Alfabetizado;Não Informada
Caucaia;AIS 26;HOMICIDIO DOLOSO;2022-10-27;19:29:00;Quinta;Arma de fogo;Masculino;25;Ensino Fundamental Completo;Branca
Horizonte;AIS 25;HOMICIDIO DOLOSO;2022-10-27;20:45:00;Quinta;Arma de fogo;Masculino;23;Ensino Médio Incompleto;Não Informada
Limoeiro do Norte;AIS 01;HOMICIDIO DOLOSO;2022-10-27;23:30:00;Quinta;Arma branca;Masculino;23;Não Informada;Não Informada
Sobral;AIS 03;HOMICIDIO DOLOSO;2022-10-28;00:40:00;Sexta;Arma de fogo;Masculino;58;Alfabetizado;Não Informada
Crateús;AIS 07;HOMICIDIO DOLOSO;2022-10-28;03:30:00;Sexta;Arma de fogo;Masculino;17;Ensino Fundamental Incompleto;Não Informada
Fortaleza;AIS 08;HOMICIDIO DOLOSO;2022-10-28;10:31:00;Sexta;Arma de fogo;Masculino;Não Informada;Não Informada;Não Informada
Pacatuba;AIS 24;HOMICIDIO DOLOSO;2022-10-28;16:30:00;Sexta;Arma de fogo;Masculino;Não Informada;Não Informada;Não Informada
Fortaleza;AIS 17;HOMICIDIO DOLOSO;2022-10-29;02:18:00;Sábado;Arma de fogo;Masculino;25;Ensino Fundamental Completo;Não Informada
Iguatu;AIS 10;HOMICIDIO DOLOSO;2022-10-29;03:30:00;Sábado;Arma de fogo;Masculino;21;Ensino Fundamental Incompleto;Não Informada
Caucaia;AIS 12;HOMICIDIO DOLOSO;2022-10-29;04:30:00;Sábado;Arma de fogo;Masculino;14;Ensino Fundamental Completo;Não Informada
Ubajara;AIS 27;HOMICIDIO DOLOSO;2022-10-29;07:00:00;Sábado;Arma de fogo;Masculino;19;Alfabetizado;Não Informada
Acopiara;AIS 10;HOMICIDIO DOLOSO;2022-10-29;07:30:00;Sábado;Arma branca;Feminino;24;Alfabetizado;Parda
Jijoca de Jericoacoara;AIS 11;HOMICIDIO DOLOSO;2022-10-29;10:46:00;Sábado;Arma branca;Masculino;48;Alfabetizado;Não Informada
Fortaleza;AIS 22;HOMICIDIO DOLOSO;2022-10-29;10:49:00;Sábado;Arma de fogo;Masculino;24;Ensino Fundamental Incompleto;Não Informada
Tururu;AIS 11;HOMICIDIO DOLOSO;2022-10-29;21:30:00;Sábado;Arma de fogo;Masculino;28;Alfabetizado;Não Informada
Fortaleza;AIS 18;HOMICIDIO DOLOSO;2022-10-29;21:30:00;Sábado;Outros meios;Masculino;18;Ensino Médio Incompleto;Não Informada
Fortaleza;AIS 21;HOMICIDIO DOLOSO;2022-10-30;01:48:00;Domingo;Arma de fogo;Masculino;Não Informada;Não Informada;Não Informada
Iguatu;AIS 10;HOMICIDIO DOLOSO;2022-10-30;03:45:00;Domingo;Arma de fogo;Masculino;23;Alfabetizado;Não Informada
Mulungu;AIS 29;HOMICIDIO DOLOSO;2022-10-30;04:00:00;Domingo;Arma branca;Masculino;16;Alfabetizado;Não Informada
Forquilha;AIS 03;HOMICIDIO DOLOSO;2022-10-30;04:59:59;Domingo;Arma de fogo;Masculino;18;Ensino Médio Incompleto;Não Informada
Maranguape;AIS 24;HOMICIDIO DOLOSO;2022-10-30;12:08:00;Domingo;Arma branca;Feminino;26;Ensino Médio Completo;Não Informada
Caucaia;AIS 12;HOMICIDIO DOLOSO;2022-10-30;12:56:59;Domingo;Arma de fogo;Masculino;23;Ensino Médio Completo;Não Informada
Fortaleza;AIS 16;HOMICIDIO DOLOSO;2022-10-30;14:39:59;Domingo;Arma de fogo;Masculino;22;Alfabetizado;Parda
Cruz;AIS 11;HOMICIDIO DOLOSO;2022-10-30;16:00:00;Domingo;Arma de fogo;Masculino;26;Ensino Fundamental Completo;Parda
Fortaleza;AIS 18;HOMICIDIO DOLOSO;2022-10-30;18:45:00;Domingo;Arma de fogo;Feminino;69;Alfabetizado;Parda
Fortaleza;AIS 18;HOMICIDIO DOLOSO;2022-10-30;18:45:00;Domingo;Arma de fogo;Masculino;23;Ensino Médio Incompleto;Não Informada
Fortaleza;AIS 18;HOMICIDIO DOLOSO;2022-10-30;20:30:00;Domingo;Arma de fogo;Masculino;Não Informada;Não Informada;Não Informada
Fortaleza;AIS 18;HOMICIDIO DOLOSO;2022-10-30;20:30:00;Domingo;Arma de fogo;Masculino;Não Informada;Não Informada;Não Informada
Pindoretama;AIS 15;HOMICIDIO DOLOSO;2022-10-31;00:32:00;Segunda;Arma branca;Masculino;41;Ensino Fundamental Completo;Parda
Pacatuba;AIS 24;HOMICIDIO DOLOSO;2022-10-31;00:53:00;Segunda;Arma branca;Masculino;32;Ensino Fundamental Incompleto;Não Informada
Icó;AIS 34;HOMICIDIO DOLOSO;2022-10-31;07:00:00;Segunda;Arma de fogo;Masculino;67;Não Informada;Não Informada
Fortaleza;AIS 21;HOMICIDIO DOLOSO;2022-10-31;07:45:00;Segunda;Arma de fogo;Masculino;Não Informada;Não Informada;Não Informada
Aquiraz;AIS 15;HOMICIDIO DOLOSO;2022-10-31;10:00:00;Segunda;Arma de fogo;Masculino;Não Informada;Não Informada;Não Informada
Viçosa do Ceará;AIS 27;HOMICIDIO DOLOSO;2022-10-31;13:59:59;Segunda;Arma de fogo;Masculino;19;Não Informada;Não Informada
Quixeramobim;AIS 09;HOMICIDIO DOLOSO;2022-11-01;01:00:00;Terça;Outros meios;Masculino;64;Ensino Médio Completo;Não Informada
Pacajus;AIS 25;HOMICIDIO DOLOSO;2022-11-01;01:59:59;Terça;Outros meios;Masculino;80;Alfabetizado;Parda
Umirim;AIS 11;HOMICIDIO DOLOSO;2022-11-01;05:00:00;Terça;Arma de fogo;Feminino;73;Alfabetizado;Não Informada
Trairi;AIS 23;HOMICIDIO DOLOSO;2022-11-01;09:00:00;Terça;Outros meios;Masculino;48;Não Alfabetizado;Não Informada
Cascavel;AIS 15;HOMICIDIO DOLOSO;2022-11-01;10:00:00;Terça;Outros meios;Feminino;43;Ensino Fundamental Incompleto;Parda
Guaiúba;AIS 24;HOMICIDIO DOLOSO;2022-11-01;10:00:00;Terça;Arma de fogo;Masculino;19;Alfabetizado;Não Informada
Fortaleza;AIS 06;HOMICIDIO DOLOSO;2022-11-01;11:59:00;Terça;Arma de fogo;Masculino;16;Alfabetizado;Não Informada
Lavras da Mangabeira;AIS 34;HOMICIDIO DOLOSO;2022-11-01;12:00:00;Terça;Arma de fogo;Masculino;23;Não Informada;Não Informada
Fortaleza;AIS 17;HOMICIDIO DOLOSO;2022-11-01;15:30:00;Terça;Arma de fogo;Feminino;22;Ensino Fundamental Incompleto;Não Informada
Pacatuba;AIS 24;HOMICIDIO DOLOSO;2022-11-01;18:00:00;Terça;Arma de fogo;Masculino;45;Ensino Fundamental Completo;Não Informada
Maracanaú;AIS 14;HOMICIDIO DOLOSO;2022-11-01;19:30:00;Terça;Arma de fogo;Masculino;25;Ensino Médio Completo;Não Informada
Icó;AIS 34;HOMICIDIO DOLOSO;2022-11-01;20:00:00;Terça;Arma de fogo;Masculino;23;Ensino Fundamental Incompleto;Parda
Fortaleza;AIS 18;HOMICIDIO DOLOSO;2022-11-01;21:24:59;Terça;Arma de fogo;Masculino;24;Não Informada;Não Informada
Fortaleza;AIS 18;HOMICIDIO DOLOSO;2022-11-01;21:24:59;Terça;Arma de fogo;Masculino;28;Não Informada;Não Informada
Maracanaú;AIS 14;HOMICIDIO DOLOSO;2022-11-02;02:00:00;Quarta;Arma de fogo;Masculino;26;Ensino Médio Completo;Não Informada
São Gonçalo do Amarante;AIS 23;HOMICIDIO DOLOSO;2022-11-02;06:40:00;Quarta;Arma de fogo;Masculino;50;Ensino Fundamental Incompleto;Não Informada
Jijoca de Jericoacoara;AIS 11;HOMICIDIO DOLOSO;2022-11-03;00:00:00;Quinta;Arma de fogo;Masculino;31;Ensino Médio Completo;Não Informada
Fortaleza;AIS 16;HOMICIDIO DOLOSO;2022-11-03;01:15:00;Quinta;Arma de fogo;Masculino;28;Alfabetizado;Não Informada
Fortaleza;AIS 22;HOMICIDIO DOLOSO;2022-11-03;03:18:00;Quinta;Arma de fogo;Masculino;34;Ensino Fundamental Incompleto;Não Informada
Fortaleza;AIS 19;HOMICIDIO DOLOSO;2022-11-03;07:05:59;Quinta;Arma branca;Masculino;22;Ensino Médio Completo;Não Informada
Sobral;AIS 03;HOMICIDIO DOLOSO;2022-11-03;09:49:59;Quinta;Arma de fogo;Masculino;24;Alfabetizado;Não Informada
Pindoretama;AIS 15;HOMICIDIO DOLOSO;2022-11-03;22:40:00;Quinta;Arma de fogo;Masculino;29;Alfabetizado;Parda
Horizonte;AIS 25;HOMICIDIO DOLOSO;2022-11-04;01:09:59;Sexta;Arma de fogo;Feminino;32;Ensino Médio Completo;Parda
Fortaleza;AIS 17;HOMICIDIO DOLOSO;2022-11-04;02:50:00;Sexta;Arma de fogo;Masculino;28;Ensino Fundamental Completo;Não Informada
Fortaleza;AIS 18;HOMICIDIO DOLOSO;2022-11-04;16:30:00;Sexta;Arma de fogo;Masculino;32;Ensino Fundamental Completo;Parda
Fortaleza;AIS 18;HOMICIDIO DOLOSO;2022-11-04;16:47:00;Sexta;Arma de fogo;Masculino;21;Alfabetizado;Não Informada
Missão Velha;AIS 02;HOMICIDIO DOLOSO;2022-11-04;21:09:59;Sexta;Arma de fogo;Masculino;35;Ensino Fundamental Completo;Parda
Fortaleza;AIS 18;HOMICIDIO DOLOSO;2022-11-04;22:27:00;Sexta;Arma de fogo;Masculino;41;Alfabetizado;Não Informada
Banabuiú;AIS 09;HOMICIDIO DOLOSO;2022-11-05;01:00:00;Sábado;Arma de fogo;Masculino;50;Não Alfabetizado;Parda
General Sampaio;AIS 11;HOMICIDIO DOLOSO;2022-11-05;06:00:00;Sábado;Arma de fogo;Masculino;35;Ensino Médio Incompleto;Não Informada
Juazeiro do Norte;AIS 02;ROUBO SEGUIDO DE MORTE (LATROCINIO);2022-11-05;07:30:00;Sábado;Outros meios;Feminino;78;Ensino Médio Completo;Não Informada
Caucaia;AIS 12;HOMICIDIO DOLOSO;2022-11-05;11:40:00;Sábado;Arma de fogo;Masculino;46;Ensino Médio Completo;Não Informada
Caucaia;AIS 12;HOMICIDIO DOLOSO;2022-11-05;13:19:00;Sábado;Arma branca;Masculino;40;Ensino Fundamental Completo;Parda
Assaré;AIS 33;HOMICIDIO DOLOSO;2022-11-05;15:00:00;Sábado;Outros meios;Masculino;36;Alfabetizado;Não Informada
Tejuçuoca;AIS 11;HOMICIDIO DOLOSO;2022-11-05;16:00:00;Sábado;Arma de fogo;Masculino;32;Ensino Fundamental Incompleto;Não Informada
Barbalha;AIS 02;HOMICIDIO DOLOSO;2022-11-05;17:30:00;Sábado;Arma de fogo;Masculino;21;Alfabetizado;Não Informada
Coreaú;AIS 03;HOMICIDIO DOLOSO;2022-11-05;19:49:59;Sábado;Arma de fogo;Masculino;27;Ensino Fundamental Incompleto;Não Informada
Solonópole;AIS 09;HOMICIDIO DOLOSO;2022-11-05;22:00:00;Sábado;Arma de fogo;Masculino;19;Ensino Médio Incompleto;Parda
Maracanaú;AIS 14;HOMICIDIO DOLOSO;2022-11-05;22:44:00;Sábado;Arma de fogo;Masculino;23;Ensino Fundamental Incompleto;Não Informada
Aquiraz;AIS 15;HOMICIDIO DOLOSO;2022-11-06;03:11:00;Domingo;Arma de fogo;Masculino;47;Alfabetizado;Não Informada
Itapajé;AIS 11;HOMICIDIO DOLOSO;2022-11-06;04:00:00;Domingo;Arma de fogo;Masculino;46;Ensino Fundamental Incompleto;Não Informada
Maracanaú;AIS 14;HOMICIDIO DOLOSO;2022-11-06;04:30:00;Domingo;Arma de fogo;Masculino;22;Ensino Fundamental Incompleto;Não Informada
Fortaleza;AIS 17;HOMICIDIO DOLOSO;2022-11-06;04:30:00;Domingo;Arma de fogo;Masculino;29;Ensino Médio Completo;Não Informada
Pedra Branca;AIS 09;HOMICIDIO DOLOSO;2022-11-06;07:59:59;Domingo;Arma de fogo;Masculino;16;Ensino Fundamental Incompleto;Não Informada
Milagres;AIS 32;HOMICIDIO DOLOSO;2022-11-06;16:59:59;Domingo;Arma branca;Masculino;38;Alfabetizado;Parda
Sobral;AIS 03;HOMICIDIO DOLOSO;2022-11-06;18:00:00;Domingo;Arma de fogo;Masculino;30;Ensino Médio Completo;Não Informada
Tianguá;AIS 27;HOMICIDIO DOLOSO;2022-11-06;19:59:59;Domingo;Arma branca;Masculino;37;Ensino Fundamental Completo;Não Informada
Fortaleza;AIS 16;HOMICIDIO DOLOSO;2022-11-06;21:29:59;Domingo;Arma de fogo;Masculino;27;Ensino Médio Incompleto;Não Informada
Pacatuba;AIS 24;HOMICIDIO DOLOSO;2022-11-07;09:00:00;Segunda;Arma de fogo;Masculino;34;Alfabetizado;Não Informada
Fortaleza;AIS 18;HOMICIDIO DOLOSO;2022-11-07;15:09:59;Segunda;Outros meios;Masculino;22;Alfabetizado;Não Informada
Ararendá;AIS 07;HOMICIDIO DOLOSO;2022-11-07;21:00:00;Segunda;Arma de fogo;Masculino;25;Alfabetizado;Não Informada
Fortaleza;AIS 19;HOMICIDIO DOLOSO;2022-11-07;23:30:00;Segunda;Arma de fogo;Masculino;15;Ensino Fundamental Completo;Não Informada
Fortaleza;AIS 19;HOMICIDIO DOLOSO;2022-11-07;23:30:00;Segunda;Arma de fogo;Masculino;22;Alfabetizado;Não Informada
Fortaleza;AIS 18;HOMICIDIO DOLOSO;2022-11-08;06:04:59;Terça;Arma de fogo;Masculino;22;Alfabetizado;Não Informada
Aracati;AIS 30;HOMICIDIO DOLOSO;2022-11-08;09:00:00;Terça;Arma de fogo;Masculino;34;Ensino Fundamental Completo;Não Informada
Fortaleza;AIS 16;HOMICIDIO DOLOSO;2022-11-08;12:04:00;Terça;Arma de fogo;Masculino;16;Ensino Fundamental Incompleto;Parda
Tabuleiro do Norte;AIS 01;HOMICIDIO DOLOSO;2022-11-08;13:30:00;Terça;Arma de fogo;Masculino;19;Alfabetizado;Não Informada
Fortaleza;AIS 18;HOMICIDIO DOLOSO;2022-11-08;13:36:00;Terça;Arma de fogo;Masculino;26;Ensino Médio Completo;Branca
Maracanaú;AIS 14;HOMICIDIO DOLOSO;2022-11-08;14:10:00;Terça;Arma de fogo;Masculino;Não Informada;Não Informada;Não Informada
Coreaú;AIS 03;HOMICIDIO DOLOSO;2022-11-08;15:19:59;Terça;Arma de fogo;Masculino;75;Alfabetizado;Preta
Fortaleza;AIS 19;HOMICIDIO DOLOSO;2022-11-08;16:00:00;Terça;Arma de fogo;Feminino;38;Alfabetizado;Branca
Acaraú;AIS 11;HOMICIDIO DOLOSO;2022-11-08;20:00:00;Terça;Arma de fogo;Masculino;31;Ensino Fundamental Completo;Não Informada
Fortaleza;AIS 17;HOMICIDIO DOLOSO;2022-11-08;22:20:00;Terça;Arma de fogo;Masculino;29;Alfabetizado;Não Informada
Barroquinha;AIS 28;HOMICIDIO DOLOSO;2022-11-09;01:00:00;Quarta;Arma branca;Masculino;34;Ensino Fundamental Completo;Não Informada
Limoeiro do Norte;AIS 01;HOMICIDIO DOLOSO;2022-11-09;14:40:00;Quarta;Arma de fogo;Masculino;40;Alfabetizado;Não Informada
São João do Jaguaribe;AIS 01;HOMICIDIO DOLOSO;2022-11-09;19:00:00;Quarta;Arma de fogo;Masculino;14;Não Informada;Não Informada
São João do Jaguaribe;AIS 01;HOMICIDIO DOLOSO;2022-11-09;19:00:00;Quarta;Arma de fogo;Feminino;39;Alfabetizado;Não Informada
Caucaia;AIS 12;HOMICIDIO DOLOSO;2022-11-09;21:00:00;Quarta;Arma de fogo;Masculino;28;Ensino Fundamental Completo;Não Informada
Acaraú;AIS 11;HOMICIDIO DOLOSO;2022-11-10;07:00:00;Quinta;Arma branca;Masculino;19;Alfabetizado;Branca
Fortaleza;AIS 17;HOMICIDIO DOLOSO;2022-11-10;07:07:59;Quinta;Arma de fogo;Masculino;15;Ensino Fundamental Incompleto;Parda
Coreaú;AIS 03;HOMICIDIO DOLOSO;2022-11-10;19:49:59;Quinta;Arma de fogo;Masculino;45;Ensino Médio Completo;Não Informada
Cascavel;AIS 15;HOMICIDIO DOLOSO;2022-11-10;21:56:00;Quinta;Arma de fogo;Masculino;28;Ensino Fundamental Incompleto;Não Informada
Fortaleza;AIS 22;HOMICIDIO DOLOSO;2022-11-10;23:00:00;Quinta;Arma de fogo;Masculino;30;Alfabetizado;Parda
Chaval;AIS 28;HOMICIDIO DOLOSO;2022-11-11;03:30:00;Sexta;Arma de fogo;Masculino;22;Alfabetizado;Branca
Caucaia;AIS 12;HOMICIDIO DOLOSO;2022-11-11;08:30:00;Sexta;Arma de fogo;Masculino;19;Ensino Fundamental Incompleto;Não Informada
Fortaleza;AIS 19;HOMICIDIO DOLOSO;2022-11-11;09:30:00;Sexta;Arma de fogo;Masculino;79;Superior Completo;Não Informada
Fortaleza;AIS 16;HOMICIDIO DOLOSO;2022-11-11;11:00:00;Sexta;Outros meios;Masculino;76;Ensino Médio Completo;Não Informada
Cariré;AIS 03;HOMICIDIO DOLOSO;2022-11-11;12:19:59;Sexta;Arma branca;Masculino;49;Não Alfabetizado;Parda
Maracanaú;AIS 14;HOMICIDIO DOLOSO;2022-11-11;17:40:00;Sexta;Arma de fogo;Masculino;28;Ensino Fundamental Incompleto;Não Informada
Caucaia;AIS 26;HOMICIDIO DOLOSO;2022-11-11;20:00:00;Sexta;Arma de fogo;Masculino;27;Ensino Fundamental Incompleto;Parda
Juazeiro do Norte;AIS 02;HOMICIDIO DOLOSO;2022-11-11;21:00:00;Sexta;Arma de fogo;Masculino;16;Não Alfabetizado;Não Informada
Aquiraz;AIS 15;HOMICIDIO DOLOSO;2022-11-11;21:21:59;Sexta;Arma de fogo;Masculino;26;Ensino Fundamental Incompleto;Não Informada
Boa Viagem;AIS 04;HOMICIDIO DOLOSO;2022-11-12;00:35:00;Sábado;Arma de fogo;Masculino;24;Ensino Fundamental Incompleto;Não Informada
Alto Santo;AIS 31;HOMICIDIO DOLOSO;2022-11-12;04:00:00;Sábado;Arma de fogo;Masculino;22;Alfabetizado;Não Informada
Jijoca de Jericoacoara;AIS 11;HOMICIDIO DOLOSO;2022-11-12;04:30:00;Sábado;Arma de fogo;Masculino;20;Ensino Médio Incompleto;Parda
Crateús;AIS 07;HOMICIDIO DOLOSO;2022-11-12;20:19:59;Sábado;Arma de fogo;Masculino;5;Não Alfabetizado;Não Informada
Crateús;AIS 07;HOMICIDIO DOLOSO;2022-11-12;22:10:00;Sábado;Arma de fogo;Masculino;37;Ensino Fundamental Incompleto;Não Informada
Tururu;AIS 11;HOMICIDIO DOLOSO;2022-11-13;06:00:00;Domingo;Arma de fogo;Masculino;42;Alfabetizado;Não Informada
Maracanaú;AIS 14;HOMICIDIO DOLOSO;2022-11-13;12:40:00;Domingo;Arma de fogo;Masculino;47;Ensino Fundamental Incompleto;Parda
Ibiapina;AIS 27;HOMICIDIO DOLOSO;2022-11-13;13:30:00;Domingo;Outros meios;Masculino;78;Não Alfabetizado;Não Informada
Crateús;AIS 07;HOMICIDIO DOLOSO;2022-11-13;15:00:00;Domingo;Arma de fogo;Masculino;44;Não Informada;Não Informada
Santa Quitéria;AIS 07;HOMICIDIO DOLOSO;2022-11-13;15:04:59;Domingo;Arma de fogo;Masculino;25;Não Informada;Não Informada
Pedra Branca;AIS 09;HOMICIDIO DOLOSO;2022-11-13;15:29:59;Domingo;Arma branca;Masculino;31;Alfabetizado;Branca
Fortaleza;AIS 21;HOMICIDIO DOLOSO;2022-11-13;16:59:59;Domingo;Arma de fogo;Masculino;34;Ensino Médio Incompleto;Branca
Fortaleza;AIS 21;HOMICIDIO DOLOSO;2022-11-13;16:59:59;Domingo;Arma de fogo;Masculino;19;Não Informada;Parda
Cedro;AIS 34;HOMICIDIO DOLOSO;2022-11-13;20:00:00;Domingo;Arma de fogo;Feminino;29;Ensino Médio Completo;Não Informada
Eusébio;AIS 15;HOMICIDIO DOLOSO;2022-11-13;20:30:00;Domingo;Arma de fogo;Masculino;23;Não Informada;Parda
Frecheirinha;AIS 03;HOMICIDIO DOLOSO;2022-11-13;21:40:00;Domingo;Arma de fogo;Masculino;43;Não Alfabetizado;Não Informada
Senador Pompeu;AIS 09;HOMICIDIO DOLOSO;2022-11-13;23:00:00;Domingo;Arma de fogo;Masculino;41;Ensino Fundamental Completo;Não Informada
Tejuçuoca;AIS 11;HOMICIDIO DOLOSO;2022-11-14;02:30:00;Segunda;Arma de fogo;Masculino;15;Ensino Fundamental Incompleto;Branca
Crato;AIS 02;HOMICIDIO DOLOSO;2022-11-14;06:30:00;Segunda;Arma de fogo;Masculino;32;Alfabetizado;Não Informada
Fortaleza;AIS 20;HOMICIDIO DOLOSO;2022-11-14;15:04:00;Segunda;Arma de fogo;Masculino;23;Alfabetizado;Não Informada
Itarema;AIS 11;FEMINICÍDIO;2022-11-14;16:00:00;Segunda;Arma branca;Feminino;26;Ensino Fundamental Completo;Não Informada
Beberibe;AIS 30;HOMICIDIO DOLOSO;2022-11-14;18:49:59;Segunda;Arma de fogo;Masculino;19;Alfabetizado;Não Informada
Itarema;AIS 11;HOMICIDIO DOLOSO;2022-11-14;20:00:00;Segunda;Arma de fogo;Masculino;21;Ensino Médio Incompleto;Não Informada
Fortaleza;AIS 21;HOMICIDIO DOLOSO;2022-11-14;20:10:00;Segunda;Arma de fogo;Feminino;18;Ensino Médio Incompleto;Não Informada
Fortaleza;AIS 21;HOMICIDIO DOLOSO;2022-11-14;20:10:00;Segunda;Arma de fogo;Masculino;26;Ensino Fundamental Incompleto;Não Informada
Crato;AIS 02;HOMICIDIO DOLOSO;2022-11-14;21:10:00;Segunda;Arma de fogo;Masculino;35;Ensino Fundamental Incompleto;Não Informada
Beberibe;AIS 30;HOMICIDIO DOLOSO;2022-11-14;23:00:00;Segunda;Arma branca;Masculino;73;Ensino Fundamental Completo;Não Informada
Jaguaretama;AIS 09;HOMICIDIO DOLOSO;2022-11-14;23:19:59;Segunda;Arma de fogo;Masculino;41;Ensino Fundamental Incompleto;Não Informada
Reriutaba;AIS 07;ROUBO SEGUIDO DE MORTE (LATROCINIO);2022-11-15;03:00:00;Terça;Arma de fogo;Masculino;57;Ensino Fundamental Incompleto;Parda
Pacatuba;AIS 24;HOMICIDIO DOLOSO;2022-11-15;11:19:59;Terça;Arma de fogo;Masculino;Não Informada;Não Informada;Não Informada
Fortaleza;AIS 18;HOMICIDIO DOLOSO;2022-11-15;11:39:59;Terça;Arma de fogo;Feminino;29;Alfabetizado;Não Informada
Fortaleza;AIS 06;HOMICIDIO DOLOSO;2022-11-15;16:00:00;Terça;Arma de fogo;Masculino;30;Ensino Médio Incompleto;Não Informada
Pedra Branca;AIS 09;HOMICIDIO DOLOSO;2022-11-15;17:00:00;Terça;Arma de fogo;Masculino;42;Alfabetizado;Parda
Fortaleza;AIS 17;HOMICIDIO DOLOSO;2022-11-15;17:39:59;Terça;Arma de fogo;Masculino;15;Ensino Fundamental Completo;Não Informada
São João do Jaguaribe;AIS 01;HOMICIDIO DOLOSO;2022-11-15;18:30:00;Terça;Arma de fogo;Feminino;22;Ensino Médio Incompleto;Branca
Aquiraz;AIS 15;HOMICIDIO DOLOSO;2022-11-15;19:00:00;Terça;Arma branca;Masculino;56;Ensino Médio Completo;Não Informada
Caridade;AIS 04;HOMICIDIO DOLOSO;2022-11-15;19:59:59;Terça;Arma de fogo;Masculino;25;Ensino Fundamental Incompleto;Não Informada
Pentecoste;AIS 11;HOMICIDIO DOLOSO;2022-11-15;21:42:00;Terça;Arma de fogo;Masculino;20;Alfabetizado;Não Informada
Fortaleza;AIS 18;HOMICIDIO DOLOSO;2022-11-15;22:09:59;Terça;Arma de fogo;Feminino;43;Ensino Médio Incompleto;Não Informada
Acarape;AIS 29;HOMICIDIO DOLOSO;2022-11-15;23:16:00;Terça;Arma de fogo;Masculino;23;Alfabetizado;Não Informada
Fortaleza;AIS 17;HOMICIDIO DOLOSO;2022-11-16;03:29:59;Quarta;Arma branca;Masculino;36;Ensino Médio Completo;Não Informada
Aquiraz;AIS 15;HOMICIDIO DOLOSO;2022-11-16;07:09:00;Quarta;Arma de fogo;Feminino;23;Não Informada;Não Informada
Sobral;AIS 03;HOMICIDIO DOLOSO;2022-11-16;17:30:00;Quarta;Arma branca;Masculino;32;Alfabetizado;Não Informada
Camocim;AIS 28;HOMICIDIO DOLOSO;2022-11-16;22:27:00;Quarta;Arma de fogo;Masculino;20;Ensino Médio Incompleto;Não Informada
Morada Nova;AIS 09;HOMICIDIO DOLOSO;2022-11-17;11:30:00;Quinta;Arma branca;Masculino;43;Ensino Fundamental Incompleto;Não Informada
Fortaleza;AIS 06;HOMICIDIO DOLOSO;2022-11-17;14:37:00;Quinta;Outros meios;Masculino;Não Informada;Não Informada;Não Informada
Icapuí;AIS 30;HOMICIDIO DOLOSO;2022-11-17;18:19:59;Quinta;Arma de fogo;Masculino;45;Alfabetizado;Não Informada
Fortaleza;AIS 16;HOMICIDIO DOLOSO;2022-11-17;19:54:59;Quinta;Arma de fogo;Masculino;17;Ensino Fundamental Incompleto;Parda
São Gonçalo do Amarante;AIS 23;HOMICIDIO DOLOSO;2022-11-17;22:59:59;Quinta;Arma de fogo;Masculino;34;Ensino Fundamental Incompleto;Não Informada
Fortaleza;AIS 17;HOMICIDIO DOLOSO;2022-11-18;04:00:59;Sexta;Outros meios;Masculino;33;Ensino Fundamental Completo;Parda
Sobral;AIS 03;HOMICIDIO DOLOSO;2022-11-18;05:57:00;Sexta;Arma branca;Masculino;46;Não Alfabetizado;Não Informada
Fortaleza;AIS 21;HOMICIDIO DOLOSO;2022-11-18;11:39:59;Sexta;Arma de fogo;Masculino;17;Não Informada;Não Informada
Maranguape;AIS 24;HOMICIDIO DOLOSO;2022-11-18;11:47:00;Sexta;Arma de fogo;Masculino;27;Alfabetizado;Parda
Fortaleza;AIS 20;HOMICIDIO DOLOSO;2022-11-18;15:29:59;Sexta;Outros meios;Masculino;48;Não Informada;Parda
Aracati;AIS 30;HOMICIDIO DOLOSO;2022-11-18;21:15:00;Sexta;Arma de fogo;Masculino;28;Ensino Fundamental Incompleto;Não Informada
Sobral;AIS 03;HOMICIDIO DOLOSO;2022-11-18;21:40:00;Sexta;Arma de fogo;Masculino;24;Alfabetizado;Não Informada
Fortaleza;AIS 05;HOMICIDIO DOLOSO;2022-11-18;22:59:59;Sexta;Arma de fogo;Masculino;30;Ensino Fundamental Incompleto;Não Informada
Fortaleza;AIS 16;HOMICIDIO DOLOSO;2022-11-19;03:45:00;Sábado;Arma de fogo;Masculino;24;Superior Incompleto;Não Informada
Tabuleiro do Norte;AIS 01;HOMICIDIO DOLOSO;2022-11-19;04:00:00;Sábado;Arma de fogo;Masculino;48;Alfabetizado;Não Informada
Fortaleza;AIS 16;HOMICIDIO DOLOSO;2022-11-19;04:59:59;Sábado;Arma de fogo;Masculino;40;Ensino Fundamental Incompleto;Não Informada
Iguatu;AIS 10;HOMICIDIO DOLOSO;2022-11-19;09:00:00;Sábado;Arma branca;Feminino;42;Não Informada;Não Informada
Fortaleza;AIS 17;HOMICIDIO DOLOSO;2022-11-19;12:08:00;Sábado;Arma de fogo;Masculino;24;Ensino Fundamental Completo;Parda
Jaguaribe;AIS 31;HOMICIDIO DOLOSO;2022-11-19;18:19:59;Sábado;Arma de fogo;Feminino;26;Alfabetizado;Branca
Maranguape;AIS 24;HOMICIDIO DOLOSO;2022-11-19;19:11:00;Sábado;Arma de fogo;Masculino;40;Ensino Fundamental Incompleto;Não Informada
Aracati;AIS 30;HOMICIDIO DOLOSO;2022-11-19;20:40:00;Sábado;Arma de fogo;Masculino;46;Não Informada;Não Informada
Guaraciaba do Norte;AIS 27;HOMICIDIO DOLOSO;2022-11-20;03:00:00;Domingo;Arma de fogo;Masculino;34;Alfabetizado;Não Informada
Itapipoca;AIS 11;HOMICIDIO DOLOSO;2022-11-20;06:00:00;Domingo;Arma de fogo;Masculino;20;Alfabetizado;Parda
Sobral;AIS 03;HOMICIDIO DOLOSO;2022-11-20;06:30:00;Domingo;Arma de fogo;Masculino;49;Não Alfabetizado;Não Informada
São Gonçalo do Amarante;AIS 23;HOMICIDIO DOLOSO;2022-11-20;07:00:00;Domingo;Arma de fogo;Masculino;26;Ensino Médio Completo;Não Informada
Juazeiro do Norte;AIS 02;HOMICIDIO DOLOSO;2022-11-20;13:00:00;Domingo;Arma branca;Masculino;23;Ensino Fundamental Incompleto;Não Informada
Juazeiro do Norte;AIS 02;HOMICIDIO DOLOSO;2022-11-20;14:30:00;Domingo;Arma branca;Masculino;32;Alfabetizado;Não Informada
Aquiraz;AIS 15;HOMICIDIO DOLOSO;2022-11-20;14:30:00;Domingo;Arma de fogo;Masculino;18;Alfabetizado;Não Informada
Forquilha;AIS 03;HOMICIDIO DOLOSO;2022-11-20;21:00:00;Domingo;Arma de fogo;Masculino;24;Ensino Fundamental Incompleto;Não Informada
Trairi;AIS 23;HOMICIDIO DOLOSO;2022-11-21;00:07:00;Segunda;Arma de fogo;Feminino;26;Ensino Fundamental Incompleto;Não Informada
Fortaleza;AIS 17;HOMICIDIO DOLOSO;2022-11-21;05:17:59;Segunda;Arma de fogo;Masculino;22;Alfabetizado;Não Informada
Alto Santo;AIS 31;HOMICIDIO DOLOSO;2022-11-21;06:00:00;Segunda;Outros meios;Masculino;27;Ensino Médio Completo;Branca
Ibaretama;AIS 09;HOMICIDIO DOLOSO;2022-11-21;07:59:59;Segunda;Arma branca;Masculino;32;Ensino Fundamental Incompleto;Não Informada
Itapiúna;AIS 29;HOMICIDIO DOLOSO;2022-11-21;14:30:00;Segunda;Outros meios;Masculino;36;Alfabetizado;Não Informada
Aracati;AIS 30;HOMICIDIO DOLOSO;2022-11-21;19:59:59;Segunda;Arma de fogo;Masculino;22;Alfabetizado;Não Informada
Fortaleza;AIS 16;HOMICIDIO DOLOSO;2022-11-21;20:00:00;Segunda;Arma de fogo;Masculino;25;Ensino Médio Incompleto;Não Informada
Fortaleza;AIS 17;HOMICIDIO DOLOSO;2022-11-22;04:14:00;Terça;Arma de fogo;Masculino;23;Ensino Fundamental Completo;Parda
Caucaia;AIS 26;HOMICIDIO DOLOSO;2022-11-22;16:20:00;Terça;Arma de fogo;Masculino;Não Informada;Não Informada;Não Informada
Pacoti;AIS 29;HOMICIDIO DOLOSO;2022-11-22;20:00:00;Terça;Arma branca;Masculino;56;Não Alfabetizado;Não Informada
Camocim;AIS 28;HOMICIDIO DOLOSO;2022-11-22;22:00:00;Terça;Arma de fogo;Masculino;46;Não Informada;Parda
Massapê;AIS 03;HOMICIDIO DOLOSO;2022-11-23;01:00:00;Quarta;Arma de fogo;Masculino;22;Alfabetizado;Não Informada
Caucaia;AIS 12;HOMICIDIO DOLOSO;2022-11-23;07:59:59;Quarta;Arma de fogo;Masculino;21;Ensino Fundamental Incompleto;Não Informada
Horizonte;AIS 25;HOMICIDIO DOLOSO;2022-11-23;08:30:00;Quarta;Arma de fogo;Masculino;34;Alfabetizado;Não Informada
Fortaleza;AIS 08;HOMICIDIO DOLOSO;2022-11-23;19:07:00;Quarta;Arma branca;Masculino;24;Ensino Fundamental Incompleto;Não Informada
Jaguaretama;AIS 09;HOMICIDIO DOLOSO;2022-11-23;20:30:00;Quarta;Arma de fogo;Masculino;18;Ensino Fundamental Incompleto;Não Informada
Jaguaretama;AIS 09;HOMICIDIO DOLOSO;2022-11-23;20:30:00;Quarta;Arma de fogo;Masculino;21;Ensino Médio Completo;Não Informada
Sobral;AIS 03;HOMICIDIO DOLOSO;2022-11-23;21:29:59;Quarta;Arma de fogo;Masculino;52;Alfabetizado;Não Informada
Morada Nova;AIS 09;HOMICIDIO DOLOSO;2022-11-24;07:00:00;Quinta;Arma de fogo;Masculino;27;Ensino Fundamental Incompleto;Não Informada
Cascavel;AIS 15;HOMICIDIO DOLOSO;2022-11-24;07:30:00;Quinta;Arma de fogo;Masculino;Não Informada;Não Informada;Não Informada
Fortaleza;AIS 21;HOMICIDIO DOLOSO;2022-11-24;12:04:59;Quinta;Arma de fogo;Masculino;58;Ensino Médio Completo;Parda
Maracanaú;AIS 14;HOMICIDIO DOLOSO;2022-11-24;13:59:59;Quinta;Arma de fogo;Masculino;14;Ensino Fundamental Incompleto;Não Informada
Aquiraz;AIS 15;HOMICIDIO DOLOSO;2022-11-24;15:00:00;Quinta;Arma de fogo;Masculino;52;Não Alfabetizado;Parda
Fortaleza;AIS 18;HOMICIDIO DOLOSO;2022-11-24;16:20:00;Quinta;Arma branca;Masculino;49;Ensino Médio Completo;Não Informada
Fortaleza;AIS 22;HOMICIDIO DOLOSO;2022-11-24;17:30:00;Quinta;Arma de fogo;Masculino;22;Ensino Médio Completo;Não Informada
Caririaçu;AIS 02;HOMICIDIO DOLOSO;2022-11-24;18:00:00;Quinta;Arma branca;Masculino;50;Ensino Fundamental Completo;Não Informada
Poranga;AIS 07;FEMINICÍDIO;2022-11-24;19:59:59;Quinta;Arma de fogo;Feminino;25;Alfabetizado;Não Informada
Morada Nova;AIS 09;HOMICIDIO DOLOSO;2022-11-24;19:59:59;Quinta;Arma de fogo;Masculino;29;Alfabetizado;Não Informada
Morada Nova;AIS 09;HOMICIDIO DOLOSO;2022-11-24;19:59:59;Quinta;Arma de fogo;Masculino;22;Não Informada;Não Informada
Morada Nova;AIS 09;HOMICIDIO DOLOSO;2022-11-24;19:59:59;Quinta;Arma de fogo;Masculino;23;Ensino Fundamental Completo;Não Informada
Maracanaú;AIS 14;HOMICIDIO DOLOSO;2022-11-24;20:41:59;Quinta;Arma de fogo;Masculino;21;Alfabetizado;Não Informada
Caucaia;AIS 26;LESAO CORPORAL SEGUIDA DE MORTE;2022-11-24;22:11:59;Quinta;Outros meios;Masculino;40;Não Alfabetizado;Não Informada
Caucaia;AIS 12;HOMICIDIO DOLOSO;2022-11-25;06:20:00;Sexta;Arma de fogo;Masculino;30;Ensino Médio Completo;Não Informada
São João do Jaguaribe;AIS 01;HOMICIDIO DOLOSO;2022-11-25;08:40:00;Sexta;Arma de fogo;Masculino;55;Alfabetizado;Não Informada
Groaíras;AIS 03;HOMICIDIO DOLOSO;2022-11-25;10:50:00;Sexta;Outros meios;Masculino;20;Alfabetizado;Não Informada
Horizonte;AIS 25;HOMICIDIO DOLOSO;2022-11-25;12:30:00;Sexta;Arma de fogo;Masculino;26;Ensino Fundamental Completo;Não Informada
Sobral;AIS 03;HOMICIDIO DOLOSO;2022-11-25;18:29:59;Sexta;Arma de fogo;Masculino;37;Ensino Fundamental Completo;Não Informada
Guaiúba;AIS 24;HOMICIDIO DOLOSO;2022-11-25;21:04:59;Sexta;Arma de fogo;Masculino;41;Alfabetizado;Não Informada
Acopiara;AIS 10;HOMICIDIO DOLOSO;2022-11-26;07:59:59;Sábado;Arma de fogo;Masculino;32;Não Alfabetizado;Parda
Fortaleza;AIS 22;HOMICIDIO DOLOSO;2022-11-26;09:26:00;Sábado;Arma branca;Masculino;34;Ensino Médio Incompleto;Não Informada
Fortaleza;AIS 20;HOMICIDIO DOLOSO;2022-11-26;11:02:00;Sábado;Arma branca;Feminino;46;Alfabetizado;Não Informada
Groaíras;AIS 03;HOMICIDIO DOLOSO;2022-11-26;17:30:00;Sábado;Arma de fogo;Masculino;46;Alfabetizado;Parda
Granja;AIS 28;HOMICIDIO DOLOSO;2022-11-26;18:00:00;Sábado;Arma branca;Masculino;24;Não Informada;Não Informada
Baturité;AIS 29;HOMICIDIO DOLOSO;2022-11-26;18:19:59;Sábado;Arma de fogo;Masculino;38;Ensino Médio Completo;Não Informada
Crato;AIS 02;HOMICIDIO DOLOSO;2022-11-26;19:59:59;Sábado;Arma de fogo;Masculino;24;Alfabetizado;Não Informada
Palmácia;AIS 29;HOMICIDIO DOLOSO;2022-11-26;20:30:00;Sábado;Arma de fogo;Masculino;51;Não Alfabetizado;Não Informada
Aquiraz;AIS 15;HOMICIDIO DOLOSO;2022-11-26;20:45:00;Sábado;Arma de fogo;Masculino;18;Alfabetizado;Não Informada
Fortaleza;AIS 17;HOMICIDIO DOLOSO;2022-11-26;20:50:00;Sábado;Arma de fogo;Masculino;25;Ensino Médio Incompleto;Não Informada
Fortaleza;AIS 18;HOMICIDIO DOLOSO;2022-11-26;22:10:00;Sábado;Arma de fogo;Masculino;Não Informada;Não Informada;Não Informada
Fortaleza;AIS 20;HOMICIDIO DOLOSO;2022-11-26;22:10:00;Sábado;Arma de fogo;Masculino;17;Não Informada;Não Informada
Crateús;AIS 07;HOMICIDIO DOLOSO;2022-11-27;00:30:00;Domingo;Arma de fogo;Masculino;41;Não Informada;Não Informada
Caucaia;AIS 26;HOMICIDIO DOLOSO;2022-11-27;03:21:59;Domingo;Arma de fogo;Masculino;16;Ensino Fundamental Incompleto;Não Informada
Nova Olinda;AIS 02;HOMICIDIO DOLOSO;2022-11-27;05:00:00;Domingo;Arma de fogo;Masculino;38;Ensino Médio Incompleto;Não Informada
Sobral;AIS 03;HOMICIDIO DOLOSO;2022-11-27;11:00:00;Domingo;Arma de fogo;Masculino;24;Ensino Fundamental Completo;Não Informada
Fortaleza;AIS 19;HOMICIDIO DOLOSO;2022-11-27;14:00:00;Domingo;Arma de fogo;Masculino;39;Ensino Fundamental Incompleto;Não Informada
Fortaleza;AIS 19;HOMICIDIO DOLOSO;2022-11-27;16:20:00;Domingo;Arma de fogo;Masculino;45;Alfabetizado;Não Informada
Amontada;AIS 11;HOMICIDIO DOLOSO;2022-11-27;18:29:59;Domingo;Arma de fogo;Masculino;29;Ensino Médio Completo;Não Informada
Fortaleza;AIS 22;HOMICIDIO DOLOSO;2022-11-27;21:15:00;Domingo;Arma de fogo;Masculino;22;Ensino Fundamental Incompleto;Parda
Aracoiaba;AIS 29;HOMICIDIO DOLOSO;2022-11-27;22:30:00;Domingo;Arma de fogo;Masculino;32;Ensino Fundamental Completo;Não Informada
Caucaia;AIS 26;HOMICIDIO DOLOSO;2022-11-28;01:59:59;Segunda;Arma de fogo;Masculino;27;Alfabetizado;Não Informada
Alto Santo;AIS 31;HOMICIDIO DOLOSO;2022-11-28;02:30:00;Segunda;Arma de fogo;Feminino;34;Alfabetizado;Parda
Alto Santo;AIS 31;HOMICIDIO DOLOSO;2022-11-28;02:30:00;Segunda;Arma de fogo;Feminino;34;Ensino Fundamental Incompleto;Não Informada
Eusébio;AIS 15;HOMICIDIO DOLOSO;2022-11-28;12:17:00;Segunda;Outros meios;Masculino;Não Informada;Não Informada;Não Informada
Caucaia;AIS 26;HOMICIDIO DOLOSO;2022-11-28;13:00:00;Segunda;Arma de fogo;Feminino;59;Alfabetizado;Não Informada
Pacatuba;AIS 24;HOMICIDIO DOLOSO;2022-11-28;17:48:00;Segunda;Outros meios;Masculino;42;Não Informada;Não Informada
Mauriti;AIS 32;HOMICIDIO DOLOSO;2022-11-28;20:30:00;Segunda;Arma de fogo;Masculino;46;Alfabetizado;Parda
Pacatuba;AIS 24;HOMICIDIO DOLOSO;2022-11-28;21:17:00;Segunda;Arma de fogo;Masculino;27;Ensino Médio Completo;Não Informada
Alto Santo;AIS 31;HOMICIDIO DOLOSO;2022-11-29;10:59:59;Terça;Arma de fogo;Masculino;44;Ensino Fundamental Completo;Não Informada
Cascavel;AIS 15;HOMICIDIO DOLOSO;2022-11-29;12:29:59;Terça;Arma de fogo;Masculino;Não Informada;Não Informada;Não Informada
Fortaleza;AIS 17;HOMICIDIO DOLOSO;2022-11-29;16:00:00;Terça;Arma de fogo;Masculino;35;Alfabetizado;Não Informada
Fortaleza;AIS 17;HOMICIDIO DOLOSO;2022-11-29;16:50:00;Terça;Arma de fogo;Masculino;35;Não Informada;Não Informada
Quixadá;AIS 09;HOMICIDIO DOLOSO;2022-11-29;19:59:59;Terça;Arma de fogo;Masculino;31;Ensino Médio Completo;Não Informada
Bela Cruz;AIS 11;HOMICIDIO DOLOSO;2022-11-30;00:00:00;Quarta;Arma de fogo;Masculino;19;Alfabetizado;Parda
Aquiraz;AIS 15;HOMICIDIO DOLOSO;2022-11-30;09:20:00;Quarta;Arma de fogo;Masculino;22;Não Informada;Não Informada
Horizonte;AIS 25;HOMICIDIO DOLOSO;2022-11-30;12:00:00;Quarta;Arma de fogo;Masculino;34;Ensino Fundamental Completo;Não Informada
Caucaia;AIS 26;ROUBO SEGUIDO DE MORTE (LATROCINIO);2022-11-30;16:27:00;Quarta;Arma de fogo;Masculino;37;Alfabetizado;Não Informada
Crato;AIS 02;HOMICIDIO DOLOSO;2022-11-30;19:39:59;Quarta;Arma de fogo;Masculino;24;Alfabetizado;Não Informada
Fortaleza;AIS 19;ROUBO SEGUIDO DE MORTE (LATROCINIO);2022-11-30;21:29:59;Quarta;Arma branca;Feminino;32;Superior Completo;Não Informada
Sobral;AIS 03;HOMICIDIO DOLOSO;2022-11-30;22:39:59;Quarta;Arma de fogo;Masculino;36;Ensino Fundamental Completo;Parda
Fortaleza;AIS 05;HOMICIDIO DOLOSO;2022-11-30;23:41:59;Quarta;Arma branca;Masculino;27;Ensino Médio Completo;Não Informada
Quixadá;AIS 09;HOMICIDIO DOLOSO;2022-12-01;00:29:59;Quinta;Arma de fogo;Masculino;51;Alfabetizado;Não Informada
Fortaleza;AIS 21;HOMICIDIO DOLOSO;2022-12-01;01:50:00;Quinta;Arma de fogo;Masculino;30;Não Informada;Não Informada
Caucaia;AIS 26;HOMICIDIO DOLOSO;2022-12-01;02:05:00;Quinta;Arma de fogo;Masculino;22;Alfabetizado;Não Informada
Eusébio;AIS 15;HOMICIDIO DOLOSO;2022-12-01;02:15:00;Quinta;Arma de fogo;Masculino;59;Ensino Médio Incompleto;Não Informada
Caucaia;AIS 26;HOMICIDIO DOLOSO;2022-12-01;03:47:59;Quinta;Arma de fogo;Masculino;59;Não Alfabetizado;Não Informada
Campos Sales;AIS 33;HOMICIDIO DOLOSO;2022-12-01;06:00:00;Quinta;Arma branca;Masculino;42;Não Alfabetizado;Não Informada
Caucaia;AIS 26;HOMICIDIO DOLOSO;2022-12-01;07:12:59;Quinta;Arma de fogo;Masculino;14;Ensino Fundamental Completo;Não Informada
Fortaleza;AIS 18;HOMICIDIO DOLOSO;2022-12-01;07:17:00;Quinta;Arma branca;Masculino;56;Não Informada;Não Informada
Fortaleza;AIS 17;HOMICIDIO DOLOSO;2022-12-01;13:09:59;Quinta;Arma de fogo;Feminino;19;Ensino Fundamental Completo;Não Informada
Horizonte;AIS 25;HOMICIDIO DOLOSO;2022-12-01;15:00:00;Quinta;Arma de fogo;Feminino;26;Não Informada;Não Informada
Caucaia;AIS 26;HOMICIDIO DOLOSO;2022-12-01;18:29:59;Quinta;Arma de fogo;Masculino;Não Informada;Não Informada;Não Informada
Morada Nova;AIS 09;HOMICIDIO DOLOSO;2022-12-01;19:20:00;Quinta;Arma de fogo;Masculino;33;Alfabetizado;Não Informada
Caucaia;AIS 26;HOMICIDIO DOLOSO;2022-12-01;19:54:59;Quinta;Arma de fogo;Masculino;25;Ensino Fundamental Completo;Parda
Boa Viagem;AIS 04;HOMICIDIO DOLOSO;2022-12-02;01:20:00;Sexta;Arma de fogo;Feminino;22;Alfabetizado;Não Informada
Fortaleza;AIS 19;HOMICIDIO DOLOSO;2022-12-02;07:00:00;Sexta;Arma branca;Masculino;44;Alfabetizado;Não Informada
Sobral;AIS 03;ROUBO SEGUIDO DE MORTE (LATROCINIO);2022-12-02;08:40:00;Sexta;Arma de fogo;Masculino;24;Não Informada;Não Informada
Caucaia;AIS 26;HOMICIDIO DOLOSO;2022-12-02;13:48:00;Sexta;Arma de fogo;Masculino;75;Alfabetizado;Preta
Guaiúba;AIS 24;HOMICIDIO DOLOSO;2022-12-02;15:19:59;Sexta;Arma de fogo;Masculino;26;Alfabetizado;Não Informada
Brejo Santo;AIS 32;HOMICIDIO DOLOSO;2022-12-02;16:59:59;Sexta;Arma de fogo;Masculino;20;Ensino Fundamental Completo;Não Informada
Fortaleza;AIS 21;HOMICIDIO DOLOSO;2022-12-02;19:30:00;Sexta;Arma de fogo;Masculino;67;Ensino Fundamental Completo;Preta
Maracanaú;AIS 14;HOMICIDIO DOLOSO;2022-12-02;21:40:00;Sexta;Arma de fogo;Masculino;24;Alfabetizado;Não Informada
Quixadá;AIS 09;HOMICIDIO DOLOSO;2022-12-03;02:00:00;Sábado;Arma de fogo;Masculino;24;Alfabetizado;Não Informada
Fortaleza;AIS 21;HOMICIDIO DOLOSO;2022-12-03;05:20:59;Sábado;Arma de fogo;Masculino;28;Ensino Médio Incompleto;Não Informada
Tianguá;AIS 27;HOMICIDIO DOLOSO;2022-12-03;07:30:00;Sábado;Arma de fogo;Masculino;24;Alfabetizado;Não Informada
Itarema;AIS 11;HOMICIDIO DOLOSO;2022-12-03;12:30:00;Sábado;Arma de fogo;Masculino;21;Ensino Médio Incompleto;Não Informada
Umirim;AIS 11;HOMICIDIO DOLOSO;2022-12-03;15:00:00;Sábado;Arma de fogo;Masculino;55;Não Alfabetizado;Não Informada
Caucaia;AIS 26;HOMICIDIO DOLOSO;2022-12-03;16:00:00;Sábado;Outros meios;Feminino;Não Informada;Não Informada;Não Informada
Tianguá;AIS 27;HOMICIDIO DOLOSO;2022-12-03;18:30:00;Sábado;Outros meios;Masculino;28;Alfabetizado;Parda
Itaiçaba;AIS 30;HOMICIDIO DOLOSO;2022-12-03;19:04:59;Sábado;Arma de fogo;Masculino;37;Alfabetizado;Não Informada
Fortaleza;AIS 18;HOMICIDIO DOLOSO;2022-12-03;19:10:00;Sábado;Arma de fogo;Masculino;49;Ensino Fundamental Incompleto;Não Informada
Caucaia;AIS 26;HOMICIDIO DOLOSO;2022-12-03;21:00:00;Sábado;Arma de fogo;Masculino;28;Alfabetizado;Não Informada
Quixeramobim;AIS 09;HOMICIDIO DOLOSO;2022-12-03;21:00:00;Sábado;Arma branca;Masculino;34;Ensino Fundamental Completo;Não Informada
Forquilha;AIS 03;HOMICIDIO DOLOSO;2022-12-04;01:18:00;Domingo;Arma de fogo;Masculino;21;Ensino Fundamental Completo;Não Informada
Fortaleza;AIS 08;HOMICIDIO DOLOSO;2022-12-04;01:49:00;Domingo;Arma de fogo;Masculino;29;Ensino Fundamental Incompleto;Não Informada
Fortaleza;AIS 16;HOMICIDIO DOLOSO;2022-12-04;01:59:59;Domingo;Arma de fogo;Masculino;21;Ensino Fundamental Incompleto;Não Informada
Moraújo;AIS 28;HOMICIDIO DOLOSO;2022-12-04;02:40:00;Domingo;Arma de fogo;Masculino;21;Alfabetizado;Não Informada
Limoeiro do Norte;AIS 01;HOMICIDIO DOLOSO;2022-12-04;05:00:00;Domingo;Arma de fogo;Masculino;20;Ensino Médio Incompleto;Não Informada
Horizonte;AIS 25;HOMICIDIO DOLOSO;2022-12-04;06:19:59;Domingo;Outros meios;Masculino;40;Alfabetizado;Não Informada
Caucaia;AIS 26;HOMICIDIO DOLOSO;2022-12-04;09:55:00;Domingo;Arma branca;Masculino;33;Ensino Fundamental Incompleto;Não Informada
São Benedito;AIS 27;HOMICIDIO DOLOSO;2022-12-04;16:00:00;Domingo;Arma branca;Masculino;34;Alfabetizado;Não Informada
Mucambo;AIS 03;HOMICIDIO DOLOSO;2022-12-04;16:30:00;Domingo;Arma de fogo;Masculino;31;Não Informada;Parda
Caucaia;AIS 12;HOMICIDIO DOLOSO;2022-12-04;18:45:59;Domingo;Arma de fogo;Masculino;37;Ensino Fundamental Incompleto;Não Informada
Itaitinga;AIS 25;HOMICIDIO DOLOSO;2022-12-04;20:39:00;Domingo;Arma de fogo;Masculino;36;Alfabetizado;Não Informada
Ararendá;AIS 07;HOMICIDIO DOLOSO;2022-12-05;01:00:00;Segunda;Arma de fogo;Masculino;32;Ensino Médio Completo;Não Informada
Caucaia;AIS 26;HOMICIDIO DOLOSO;2022-12-05;06:45:00;Segunda;Arma de fogo;Masculino;28;Ensino Fundamental Completo;Não Informada
Maranguape;AIS 24;HOMICIDIO DOLOSO;2022-12-05;06:49:00;Segunda;Arma de fogo;Masculino;57;Alfabetizado;Não Informada
Pentecoste;AIS 11;HOMICIDIO DOLOSO;2022-12-05;07:59:59;Segunda;Arma de fogo;Masculino;22;Alfabetizado;Não Informada
Baturité;AIS 29;HOMICIDIO DOLOSO;2022-12-05;07:59:59;Segunda;Arma de fogo;Feminino;19;Ensino Fundamental Incompleto;Não Informada
Maracanaú;AIS 14;HOMICIDIO DOLOSO;2022-12-05;10:30:00;Segunda;Arma de fogo;Masculino;26;Ensino Fundamental Completo;Parda
Fortaleza;AIS 16;HOMICIDIO DOLOSO;2022-12-05;16:43:00;Segunda;Arma de fogo;Masculino;26;Ensino Fundamental Incompleto;Não Informada
Groaíras;AIS 03;HOMICIDIO DOLOSO;2022-12-05;18:00:00;Segunda;Arma de fogo;Masculino;13;Ensino Fundamental Incompleto;Preta
Groaíras;AIS 03;HOMICIDIO DOLOSO;2022-12-05;18:00:00;Segunda;Arma de fogo;Masculino;33;Não Informada;Parda
Horizonte;AIS 25;HOMICIDIO DOLOSO;2022-12-05;18:19:59;Segunda;Arma de fogo;Masculino;34;Ensino Fundamental Incompleto;Não Informada
São Benedito;AIS 27;HOMICIDIO DOLOSO;2022-12-05;19:59:59;Segunda;Arma de fogo;Masculino;45;Alfabetizado;Não Informada
Fortaleza;AIS 16;HOMICIDIO DOLOSO;2022-12-05;21:18:59;Segunda;Arma de fogo;Masculino;19;Alfabetizado;Não Informada
Fortaleza;AIS 17;HOMICIDIO DOLOSO;2022-12-05;22:05:00;Segunda;Arma de fogo;Feminino;22;Ensino Fundamental Incompleto;Não Informada
Fortaleza;AIS 17;HOMICIDIO DOLOSO;2022-12-05;23:19:59;Segunda;Arma de fogo;Feminino;22;Alfabetizado;Não Informada
Cascavel;AIS 15;HOMICIDIO DOLOSO;2022-12-05;23:30:00;Segunda;Arma de fogo;Masculino;34;Ensino Médio Completo;Não Informada
Cascavel;AIS 15;HOMICIDIO DOLOSO;2022-12-05;23:30:00;Segunda;Arma de fogo;Feminino;35;Ensino Médio Completo;Não Informada
Chaval;AIS 28;HOMICIDIO DOLOSO;2022-12-06;01:00:00;Terça;Arma de fogo;Masculino;16;Alfabetizado;Parda
Chaval;AIS 28;HOMICIDIO DOLOSO;2022-12-06;02:19:59;Terça;Arma de fogo;Masculino;64;Não Alfabetizado;Não Informada
Salitre;AIS 33;HOMICIDIO DOLOSO;2022-12-06;06:00:00;Terça;Arma de fogo;Masculino;28;Não Informada;Não Informada
Maranguape;AIS 24;HOMICIDIO DOLOSO;2022-12-06;06:29:59;Terça;Arma de fogo;Masculino;19;Ensino Fundamental Incompleto;Parda
Barro;AIS 32;FEMINICÍDIO;2022-12-06;08:00:00;Terça;Outros meios;Feminino;48;Ensino Médio Completo;Não Informada
Horizonte;AIS 25;HOMICIDIO DOLOSO;2022-12-06;10:49:59;Terça;Arma de fogo;Masculino;32;Ensino Fundamental Completo;Parda
Fortaleza;AIS 16;HOMICIDIO DOLOSO;2022-12-06;12:00:00;Terça;Arma de fogo;Masculino;29;Alfabetizado;Branca
Crato;AIS 02;FEMINICÍDIO;2022-12-06;15:29:59;Terça;Outros meios;Feminino;20;Ensino Médio Incompleto;Não Informada
Fortaleza;AIS 19;HOMICIDIO DOLOSO;2022-12-06;15:36:59;Terça;Arma de fogo;Masculino;41;Alfabetizado;Parda
Independência;AIS 07;HOMICIDIO DOLOSO;2022-12-06;19:00:00;Terça;Arma de fogo;Masculino;25;Ensino Fundamental Completo;Não Informada
Paracuru;AIS 23;HOMICIDIO DOLOSO;2022-12-06;20:40:00;Terça;Arma de fogo;Masculino;32;Alfabetizado;Não Informada
Acaraú;AIS 11;HOMICIDIO DOLOSO;2022-12-07;01:20:00;Quarta;Arma de fogo;Masculino;24;Ensino Fundamental Incompleto;Parda
Aquiraz;AIS 15;HOMICIDIO DOLOSO;2022-12-07;02:30:00;Quarta;Arma de fogo;Masculino;43;Ensino Médio Completo;Parda
Guaiúba;AIS 24;HOMICIDIO DOLOSO;2022-12-07;08:30:00;Quarta;Arma de fogo;Masculino;21;Alfabetizado;Não Informada
Caucaia;AIS 12;HOMICIDIO DOLOSO;2022-12-07;13:42:00;Quarta;Arma de fogo;Masculino;Não Informada;Não Informada;Não Informada
Tianguá;AIS 27;HOMICIDIO DOLOSO;2022-12-07;17:30:00;Quarta;Arma de fogo;Masculino;31;Ensino Fundamental Incompleto;Não Informada
São Benedito;AIS 27;ROUBO SEGUIDO DE MORTE (LATROCINIO);2022-12-07;19:59:59;Quarta;Arma de fogo;Masculino;39;Alfabetizado;Não Informada
Itapajé;AIS 11;HOMICIDIO DOLOSO;2022-12-07;21:30:00;Quarta;Arma de fogo;Masculino;18;Alfabetizado;Não Informada
Fortaleza;AIS 16;HOMICIDIO DOLOSO;2022-12-07;22:00:00;Quarta;Arma de fogo;Masculino;17;Não Informada;Não Informada
Juazeiro do Norte;AIS 02;HOMICIDIO DOLOSO;2022-12-08;04:20:00;Quinta;Arma de fogo;Masculino;Não Informada;Não Informada;Não Informada
Mulungu;AIS 29;HOMICIDIO DOLOSO;2022-12-08;07:30:00;Quinta;Arma de fogo;Masculino;30;Ensino Fundamental Incompleto;Branca
Trairi;AIS 23;HOMICIDIO DOLOSO;2022-12-08;08:33:59;Quinta;Arma de fogo;Masculino;37;Não Informada;Não Informada
Crato;AIS 02;HOMICIDIO DOLOSO;2022-12-08;10:04:00;Quinta;Outros meios;Masculino;Não Informada;Não Informada;Não Informada
Fortaleza;AIS 16;HOMICIDIO DOLOSO;2022-12-08;15:54:59;Quinta;Arma de fogo;Masculino;19;Não Informada;Não Informada
Fortaleza;AIS 16;HOMICIDIO DOLOSO;2022-12-08;16:59:59;Quinta;Arma de fogo;Masculino;24;Não Informada;Não Informada
Sobral;AIS 03;HOMICIDIO DOLOSO;2022-12-08;19:30:00;Quinta;Arma de fogo;Masculino;14;Alfabetizado;Não Informada
Cascavel;AIS 15;HOMICIDIO DOLOSO;2022-12-09;00:45:00;Sexta;Arma de fogo;Masculino;38;Alfabetizado;Não Informada
Cascavel;AIS 15;HOMICIDIO DOLOSO;2022-12-09;00:45:00;Sexta;Arma de fogo;Masculino;65;Não Informada;Não Informada
Fortaleza;AIS 21;HOMICIDIO DOLOSO;2022-12-09;00:49:59;Sexta;Arma de fogo;Masculino;28;Alfabetizado;Não Informada
Fortaleza;AIS 16;HOMICIDIO DOLOSO;2022-12-09;01:20:00;Sexta;Arma de fogo;Masculino;22;Alfabetizado;Não Informada
Paracuru;AIS 23;HOMICIDIO DOLOSO;2022-12-09;01:59:59;Sexta;Arma de fogo;Feminino;26;Alfabetizado;Não Informada
Paracuru;AIS 23;HOMICIDIO DOLOSO;2022-12-09;01:59:59;Sexta;Arma de fogo;Feminino;15;Não Informada;Não Informada
Fortaleza;AIS 21;HOMICIDIO DOLOSO;2022-12-09;02:56:00;Sexta;Arma de fogo;Masculino;19;Alfabetizado;Não Informada
Trairi;AIS 23;HOMICIDIO DOLOSO;2022-12-09;09:29:59;Sexta;Arma de fogo;Masculino;25;Alfabetizado;Parda
Fortaleza;AIS 17;HOMICIDIO DOLOSO;2022-12-09;09:40:00;Sexta;Arma de fogo;Masculino;32;Ensino Fundamental Incompleto;Branca
Crato;AIS 02;HOMICIDIO DOLOSO;2022-12-09;10:59:59;Sexta;Arma de fogo;Masculino;32;Não Alfabetizado;Não Informada
Caucaia;AIS 26;HOMICIDIO DOLOSO;2022-12-09;11:30:00;Sexta;Arma de fogo;Masculino;25;Ensino Fundamental Completo;Não Informada
Fortaleza;AIS 05;HOMICIDIO DOLOSO;2022-12-09;13:00:00;Sexta;Arma de fogo;Masculino;29;Alfabetizado;Não Informada
Caririaçu;AIS 02;HOMICIDIO DOLOSO;2022-12-09;13:59:59;Sexta;Arma de fogo;Masculino;54;Ensino Fundamental Incompleto;Não Informada
Maracanaú;AIS 14;HOMICIDIO DOLOSO;2022-12-09;17:10:00;Sexta;Arma de fogo;Masculino;45;Alfabetizado;Não Informada
Camocim;AIS 28;HOMICIDIO DOLOSO;2022-12-09;21:29:59;Sexta;Arma de fogo;Masculino;20;Não Informada;Parda
São Gonçalo do Amarante;AIS 23;HOMICIDIO DOLOSO;2022-12-09;21:40:00;Sexta;Arma de fogo;Masculino;17;Ensino Médio Incompleto;Não Informada
Morada Nova;AIS 09;HOMICIDIO DOLOSO;2022-12-09;22:00:00;Sexta;Arma de fogo;Masculino;30;Alfabetizado;Não Informada
Fortaleza;AIS 19;HOMICIDIO DOLOSO;2022-12-10;00:38:59;Sábado;Arma de fogo;Masculino;34;Alfabetizado;Não Informada
Paracuru;AIS 23;HOMICIDIO DOLOSO;2022-12-10;02:19:59;Sábado;Arma de fogo;Masculino;17;Ensino Fundamental Completo;Não Informada
Cascavel;AIS 15;HOMICIDIO DOLOSO;2022-12-10;16:59:59;Sábado;Outros meios;Masculino;Não Informada;Não Informada;Não Informada
Caucaia;AIS 26;HOMICIDIO DOLOSO;2022-12-10;18:29:59;Sábado;Arma de fogo;Masculino;19;Ensino Fundamental Incompleto;Parda
Trairi;AIS 23;HOMICIDIO DOLOSO;2022-12-10;22:59:59;Sábado;Arma de fogo;Feminino;16;Ensino Fundamental Completo;Não Informada
Fortaleza;AIS 21;HOMICIDIO DOLOSO;2022-12-11;02:30:00;Domingo;Arma branca;Masculino;51;Ensino Fundamental Completo;Não Informada
Fortaleza;AIS 18;HOMICIDIO DOLOSO;2022-12-11;05:10:00;Domingo;Outros meios;Masculino;19;Alfabetizado;Não Informada
Quixadá;AIS 09;HOMICIDIO DOLOSO;2022-12-11;10:59:59;Domingo;Arma de fogo;Masculino;23;Alfabetizado;Não Informada
Alto Santo;AIS 31;HOMICIDIO DOLOSO;2022-12-11;12:00:00;Domingo;Arma de fogo;Masculino;30;Alfabetizado;Não Informada
Fortaleza;AIS 17;HOMICIDIO DOLOSO;2022-12-11;16:00:00;Domingo;Arma de fogo;Masculino;20;Ensino Fundamental Incompleto;Não Informada
Maranguape;AIS 24;HOMICIDIO DOLOSO;2022-12-11;17:39:59;Domingo;Arma de fogo;Masculino;34;Ensino Médio Completo;Não Informada
Palmácia;AIS 29;HOMICIDIO DOLOSO;2022-12-11;18:30:00;Domingo;Arma de fogo;Masculino;88;Ensino Fundamental Completo;Não Informada
São Gonçalo do Amarante;AIS 23;HOMICIDIO DOLOSO;2022-12-11;19:34:59;Domingo;Outros meios;Feminino;34;Ensino Fundamental Completo;Não Informada
Missão Velha;AIS 02;HOMICIDIO DOLOSO;2022-12-12;10:30:00;Segunda;Arma de fogo;Masculino;36;Ensino Fundamental Completo;Não Informada
Maranguape;AIS 24;HOMICIDIO DOLOSO;2022-12-12;10:59:59;Segunda;Arma branca;Feminino;79;Superior Completo;Não Informada
Sobral;AIS 03;HOMICIDIO DOLOSO;2022-12-12;15:00:00;Segunda;Arma de fogo;Masculino;39;Alfabetizado;Não Informada
Beberibe;AIS 30;HOMICIDIO DOLOSO;2022-12-12;16:00:00;Segunda;Arma de fogo;Masculino;33;Alfabetizado;Não Informada
Ibaretama;AIS 09;HOMICIDIO DOLOSO;2022-12-12;16:59:59;Segunda;Arma de fogo;Masculino;26;Ensino Médio Incompleto;Não Informada
Sobral;AIS 03;HOMICIDIO DOLOSO;2022-12-12;19:11:59;Segunda;Arma de fogo;Masculino;26;Ensino Fundamental Incompleto;Não Informada
Aratuba;AIS 29;ROUBO SEGUIDO DE MORTE (LATROCINIO);2022-12-12;20:30:00;Segunda;Arma de fogo;Masculino;24;Ensino Médio Completo;Não Informada
Fortaleza;AIS 06;HOMICIDIO DOLOSO;2022-12-12;22:27:00;Segunda;Arma de fogo;Masculino;39;Superior Incompleto;Branca
Choró;AIS 09;HOMICIDIO DOLOSO;2022-12-12;22:30:00;Segunda;Arma de fogo;Feminino;23;Ensino Médio Completo;Parda
São Gonçalo do Amarante;AIS 23;HOMICIDIO DOLOSO;2022-12-13;20:30:00;Terça;Arma de fogo;Masculino;28;Ensino Médio Incompleto;Não Informada
Quixeré;AIS 01;HOMICIDIO DOLOSO;2022-12-14;00:09:59;Quarta;Arma de fogo;Masculino;36;Alfabetizado;Não Informada
Várzea Alegre;AIS 34;HOMICIDIO DOLOSO;2022-12-14;06:29:59;Quarta;Arma branca;Masculino;67;Não Alfabetizado;Não Informada
Aratuba;AIS 29;HOMICIDIO DOLOSO;2022-12-14;12:00:00;Quarta;Arma de fogo;Masculino;23;Alfabetizado;Parda
Aratuba;AIS 29;HOMICIDIO DOLOSO;2022-12-14;12:00:00;Quarta;Arma de fogo;Masculino;Não Informada;Não Informada;Não Informada
Fortaleza;AIS 21;HOMICIDIO DOLOSO;2022-12-14;12:22:00;Quarta;Outros meios;Masculino;Não Informada;Não Informada;Não Informada
Iguatu;AIS 10;HOMICIDIO DOLOSO;2022-12-14;13:00:00;Quarta;Arma branca;Masculino;31;Ensino Fundamental Completo;Não Informada
Caucaia;AIS 12;HOMICIDIO DOLOSO;2022-12-14;15:00:00;Quarta;Arma de fogo;Masculino;26;Ensino Fundamental Incompleto;Branca
Maranguape;AIS 24;HOMICIDIO DOLOSO;2022-12-14;17:01:00;Quarta;Arma de fogo;Masculino;41;Não Alfabetizado;Parda
Juazeiro do Norte;AIS 02;HOMICIDIO DOLOSO;2022-12-14;17:40:00;Quarta;Arma de fogo;Masculino;19;Ensino Fundamental Completo;Não Informada
Juazeiro do Norte;AIS 02;HOMICIDIO DOLOSO;2022-12-15;00:00:00;Quinta;Arma de fogo;Masculino;20;Alfabetizado;Não Informada
Caucaia;AIS 26;HOMICIDIO DOLOSO;2022-12-15;01:27:00;Quinta;Arma de fogo;Masculino;17;Alfabetizado;Parda
Beberibe;AIS 30;HOMICIDIO DOLOSO;2022-12-15;07:59:59;Quinta;Arma de fogo;Masculino;24;Alfabetizado;Não Informada
Morada Nova;AIS 09;HOMICIDIO DOLOSO;2022-12-15;12:00:00;Quinta;Arma de fogo;Masculino;54;Ensino Fundamental Incompleto;Não Informada
Trairi;AIS 23;HOMICIDIO DOLOSO;2022-12-15;16:20:00;Quinta;Arma de fogo;Masculino;31;Alfabetizado;Branca
Fortaleza;AIS 08;HOMICIDIO DOLOSO;2022-12-15;16:56:59;Quinta;Arma branca;Masculino;Não Informada;Não Informada;Não Informada
Jijoca de Jericoacoara;AIS 11;HOMICIDIO DOLOSO;2022-12-15;17:30:00;Quinta;Arma branca;Masculino;30;Alfabetizado;Parda
Maranguape;AIS 24;HOMICIDIO DOLOSO;2022-12-16;07:59:59;Sexta;Arma branca;Feminino;31;Ensino Fundamental Completo;Parda
Juazeiro do Norte;AIS 02;HOMICIDIO DOLOSO;2022-12-16;13:00:00;Sexta;Arma de fogo;Masculino;23;Alfabetizado;Não Informada
Fortaleza;AIS 18;HOMICIDIO DOLOSO;2022-12-16;16:20:00;Sexta;Arma de fogo;Masculino;38;Ensino Fundamental Completo;Não Informada
Guaiúba;AIS 24;HOMICIDIO DOLOSO;2022-12-16;22:17:00;Sexta;Arma de fogo;Masculino;20;Alfabetizado;Não Informada
Mombaça;AIS 13;HOMICIDIO DOLOSO;2022-12-17;01:00:00;Sábado;Arma branca;Masculino;43;Alfabetizado;Não Informada
Maranguape;AIS 24;HOMICIDIO DOLOSO;2022-12-17;02:04:00;Sábado;Arma de fogo;Masculino;25;Ensino Médio Incompleto;Não Informada
Trairi;AIS 23;HOMICIDIO DOLOSO;2022-12-17;02:44:00;Sábado;Arma de fogo;Masculino;21;Alfabetizado;Não Informada
Pacatuba;AIS 24;HOMICIDIO DOLOSO;2022-12-17;07:09:59;Sábado;Arma de fogo;Feminino;28;Ensino Fundamental Incompleto;Não Informada
Fortaleza;AIS 17;HOMICIDIO DOLOSO;2022-12-17;15:15:59;Sábado;Arma de fogo;Masculino;15;Ensino Fundamental Incompleto;Não Informada
Tianguá;AIS 27;HOMICIDIO DOLOSO;2022-12-17;15:35:00;Sábado;Arma branca;Masculino;21;Alfabetizado;Não Informada
Fortaleza;AIS 17;HOMICIDIO DOLOSO;2022-12-17;17:47:00;Sábado;Arma de fogo;Masculino;19;Ensino Médio Incompleto;Não Informada
Maracanaú;AIS 14;HOMICIDIO DOLOSO;2022-12-17;18:00:00;Sábado;Arma de fogo;Masculino;34;Alfabetizado;Não Informada
Chaval;AIS 28;HOMICIDIO DOLOSO;2022-12-17;19:30:00;Sábado;Arma de fogo;Masculino;19;Alfabetizado;Não Informada
Fortaleza;AIS 06;ROUBO SEGUIDO DE MORTE (LATROCINIO);2022-12-17;20:19:59;Sábado;Arma de fogo;Masculino;46;Ensino Fundamental Incompleto;Não Informada
Limoeiro do Norte;AIS 01;HOMICIDIO DOLOSO;2022-12-18;04:00:00;Domingo;Arma de fogo;Masculino;25;Alfabetizado;Parda
Pedra Branca;AIS 09;HOMICIDIO DOLOSO;2022-12-18;04:00:00;Domingo;Arma de fogo;Masculino;26;Alfabetizado;Branca
Arneiroz;AIS 13;HOMICIDIO DOLOSO;2022-12-18;04:30:00;Domingo;Arma branca;Masculino;22;Ensino Fundamental Incompleto;Não Informada
Capistrano;AIS 29;HOMICIDIO DOLOSO;2022-12-18;12:00:00;Domingo;Arma de fogo;Masculino;28;Ensino Médio Incompleto;Não Informada
Horizonte;AIS 25;HOMICIDIO DOLOSO;2022-12-18;13:30:00;Domingo;Arma de fogo;Masculino;38;Alfabetizado;Não Informada
Fortaleza;AIS 16;HOMICIDIO DOLOSO;2022-12-18;14:28:00;Domingo;Arma de fogo;Masculino;33;Alfabetizado;Não Informada
Fortaleza;AIS 22;HOMICIDIO DOLOSO;2022-12-18;16:56:59;Domingo;Arma de fogo;Masculino;26;Não Informada;Não Informada
Fortaleza;AIS 21;HOMICIDIO DOLOSO;2022-12-18;19:34:00;Domingo;Arma de fogo;Masculino;30;Alfabetizado;Parda
Mucambo;AIS 03;HOMICIDIO DOLOSO;2022-12-18;20:48:00;Domingo;Arma de fogo;Feminino;22;Ensino Fundamental Incompleto;Não Informada
Jaguaruana;AIS 01;HOMICIDIO DOLOSO;2022-12-18;22:49:59;Domingo;Arma de fogo;Masculino;21;Ensino Médio Incompleto;Preta
Jaguaruana;AIS 01;HOMICIDIO DOLOSO;2022-12-18;22:49:59;Domingo;Arma de fogo;Masculino;19;Ensino Médio Incompleto;Parda
Limoeiro do Norte;AIS 01;HOMICIDIO DOLOSO;2022-12-19;02:00:00;Segunda;Arma de fogo;Masculino;46;Não Alfabetizado;Não Informada
São Gonçalo do Amarante;AIS 23;HOMICIDIO DOLOSO;2022-12-19;06:29:59;Segunda;Arma de fogo;Masculino;19;Ensino Fundamental Incompleto;Não Informada
São Gonçalo do Amarante;AIS 23;HOMICIDIO DOLOSO;2022-12-19;07:00:00;Segunda;Arma de fogo;Feminino;14;Não Informada;Não Informada
Iguatu;AIS 10;HOMICIDIO DOLOSO;2022-12-19;14:30:00;Segunda;Arma de fogo;Masculino;64;Ensino Fundamental Incompleto;Não Informada
Aquiraz;AIS 15;HOMICIDIO DOLOSO;2022-12-19;19:00:00;Segunda;Arma de fogo;Masculino;34;Alfabetizado;Não Informada
Caucaia;AIS 12;HOMICIDIO DOLOSO;2022-12-19;20:30:00;Segunda;Arma de fogo;Masculino;15;Ensino Fundamental Incompleto;Não Informada
Morada Nova;AIS 09;HOMICIDIO DOLOSO;2022-12-19;22:00:00;Segunda;Arma de fogo;Masculino;34;Ensino Fundamental Incompleto;Não Informada
Quixadá;AIS 09;HOMICIDIO DOLOSO;2022-12-20;03:49:59;Terça;Arma de fogo;Masculino;27;Alfabetizado;Não Informada
Limoeiro do Norte;AIS 01;HOMICIDIO DOLOSO;2022-12-20;06:19:59;Terça;Arma de fogo;Masculino;28;Ensino Médio Incompleto;Não Informada
Morada Nova;AIS 09;HOMICIDIO DOLOSO;2022-12-20;07:00:00;Terça;Arma de fogo;Masculino;40;Ensino Fundamental Completo;Não Informada
Sobral;AIS 03;HOMICIDIO DOLOSO;2022-12-20;08:39:59;Terça;Arma de fogo;Masculino;56;Não Alfabetizado;Não Informada
Fortaleza;AIS 16;HOMICIDIO DOLOSO;2022-12-20;09:40:00;Terça;Arma de fogo;Masculino;46;Ensino Fundamental Incompleto;Não Informada
Iguatu;AIS 10;HOMICIDIO DOLOSO;2022-12-20;13:59:00;Terça;Arma de fogo;Masculino;23;Não Informada;Não Informada
Russas;AIS 01;HOMICIDIO DOLOSO;2022-12-20;15:00:00;Terça;Arma de fogo;Masculino;53;Alfabetizado;Não Informada
Fortaleza;AIS 17;HOMICIDIO DOLOSO;2022-12-20;18:20:00;Terça;Arma de fogo;Masculino;28;Alfabetizado;Não Informada
Marco;AIS 11;HOMICIDIO DOLOSO;2022-12-20;21:20:00;Terça;Arma de fogo;Masculino;25;Ensino Fundamental Completo;Não Informada
Pacatuba;AIS 24;HOMICIDIO DOLOSO;2022-12-20;22:39:59;Terça;Arma de fogo;Masculino;38;Ensino Médio Completo;Parda
Fortaleza;AIS 17;HOMICIDIO DOLOSO;2022-12-20;22:50:59;Terça;Arma de fogo;Masculino;31;Não Informada;Não Informada
Fortaleza;AIS 18;HOMICIDIO DOLOSO;2022-12-20;23:24:59;Terça;Arma de fogo;Masculino;29;Ensino Fundamental Completo;Não Informada
Fortaleza;AIS 16;HOMICIDIO DOLOSO;2022-12-21;12:49:59;Quarta;Arma de fogo;Masculino;36;Alfabetizado;Não Informada
Fortaleza;AIS 16;HOMICIDIO DOLOSO;2022-12-21;13:00:00;Quarta;Arma de fogo;Masculino;29;Ensino Fundamental Incompleto;Parda
Massapê;AIS 03;HOMICIDIO DOLOSO;2022-12-21;22:59:59;Quarta;Arma de fogo;Masculino;30;Alfabetizado;Parda
Massapê;AIS 03;HOMICIDIO DOLOSO;2022-12-21;22:59:59;Quarta;Arma de fogo;Masculino;19;Não Informada;Não Informada
Fortaleza;AIS 08;HOMICIDIO DOLOSO;2022-12-22;07:59:59;Quinta;Arma de fogo;Masculino;36;Alfabetizado;Não Informada
Fortaleza;AIS 16;HOMICIDIO DOLOSO;2022-12-22;12:09:59;Quinta;Arma de fogo;Feminino;15;Ensino Fundamental Completo;Não Informada
São Gonçalo do Amarante;AIS 23;HOMICIDIO DOLOSO;2022-12-22;18:00:00;Quinta;Arma de fogo;Masculino;39;Ensino Médio Incompleto;Não Informada
Fortaleza;AIS 16;HOMICIDIO DOLOSO;2022-12-23;00:45:00;Sexta;Arma de fogo;Masculino;20;Alfabetizado;Branca
Fortaleza;AIS 16;HOMICIDIO DOLOSO;2022-12-23;00:45:00;Sexta;Arma de fogo;Feminino;23;Não Informada;Parda
Trairi;AIS 23;HOMICIDIO DOLOSO;2022-12-23;01:30:00;Sexta;Arma de fogo;Masculino;27;Ensino Médio Completo;Parda
Tianguá;AIS 27;HOMICIDIO DOLOSO;2022-12-23;17:30:00;Sexta;Arma de fogo;Feminino;25;Alfabetizado;Não Informada
Pedra Branca;AIS 09;HOMICIDIO DOLOSO;2022-12-23;19:00:00;Sexta;Arma de fogo;Masculino;33;Alfabetizado;Não Informada
Fortaleza;AIS 17;HOMICIDIO DOLOSO;2022-12-23;19:05:00;Sexta;Arma de fogo;Masculino;32;Ensino Médio Completo;Não Informada
Fortaleza;AIS 21;HOMICIDIO DOLOSO;2022-12-23;19:25:00;Sexta;Arma de fogo;Masculino;33;Ensino Fundamental Completo;Não Informada
Sobral;AIS 03;HOMICIDIO DOLOSO;2022-12-23;19:30:00;Sexta;Arma de fogo;Masculino;15;Ensino Fundamental Completo;Não Informada
Fortaleza;AIS 21;HOMICIDIO DOLOSO;2022-12-23;19:54:00;Sexta;Arma de fogo;Masculino;21;Não Informada;Não Informada
São Benedito;AIS 27;HOMICIDIO DOLOSO;2022-12-24;13:00:00;Sábado;Outros meios;Masculino;Não Informada;Não Informada;Não Informada
Forquilha;AIS 03;HOMICIDIO DOLOSO;2022-12-24;15:00:00;Sábado;Arma de fogo;Masculino;17;Não Informada;Parda
Viçosa do Ceará;AIS 27;HOMICIDIO DOLOSO;2022-12-24;15:30:00;Sábado;Arma de fogo;Masculino;44;Alfabetizado;Parda
Abaiara;AIS 32;HOMICIDIO DOLOSO;2022-12-24;18:00:00;Sábado;Arma branca;Masculino;Não Informada;Não Alfabetizado;Parda
Maracanaú;AIS 14;HOMICIDIO DOLOSO;2022-12-24;19:00:00;Sábado;Arma de fogo;Masculino;28;Ensino Fundamental Incompleto;Não Informada
São Benedito;AIS 27;HOMICIDIO DOLOSO;2022-12-25;03:00:00;Domingo;Arma branca;Masculino;19;Não Informada;Não Informada
Fortaleza;AIS 18;HOMICIDIO DOLOSO;2022-12-25;06:00:00;Domingo;Arma de fogo;Masculino;20;Alfabetizado;Não Informada
Horizonte;AIS 25;HOMICIDIO DOLOSO;2022-12-25;18:29:59;Domingo;Arma de fogo;Feminino;33;Ensino Médio Completo;Não Informada
Fortaleza;AIS 17;HOMICIDIO DOLOSO;2022-12-25;19:14:59;Domingo;Arma de fogo;Masculino;37;Alfabetizado;Não Informada
Itapajé;AIS 11;HOMICIDIO DOLOSO;2022-12-25;19:30:00;Domingo;Arma de fogo;Masculino;22;Ensino Fundamental Completo;Parda
Sobral;AIS 03;HOMICIDIO DOLOSO;2022-12-25;21:00:00;Domingo;Arma de fogo;Masculino;22;Alfabetizado;Não Informada
Fortaleza;AIS 19;HOMICIDIO DOLOSO;2022-12-25;21:08:19;Domingo;Arma de fogo;Masculino;17;Alfabetizado;Não Informada
Caucaia;AIS 26;HOMICIDIO DOLOSO;2022-12-26;03:22:59;Segunda;Arma de fogo;Masculino;21;Ensino Médio Incompleto;Não Informada
Caucaia;AIS 26;HOMICIDIO DOLOSO;2022-12-26;09:00:00;Segunda;Arma branca;Masculino;40;Alfabetizado;Parda
Fortaleza;AIS 19;HOMICIDIO DOLOSO;2022-12-26;20:08:00;Segunda;Arma de fogo;Feminino;34;Não Informada;Não Informada
Fortaleza;AIS 18;HOMICIDIO DOLOSO;2022-12-27;15:19:59;Terça;Arma de fogo;Masculino;19;Alfabetizado;Não Informada
Choró;AIS 09;ROUBO SEGUIDO DE MORTE (LATROCINIO);2022-12-27;16:30:00;Terça;Arma de fogo;Masculino;25;Ensino Médio Completo;Não Informada
Trairi;AIS 23;HOMICIDIO DOLOSO;2022-12-27;20:30:00;Terça;Arma de fogo;Masculino;30;Alfabetizado;Não Informada
Aracati;AIS 30;HOMICIDIO DOLOSO;2022-12-27;22:30:00;Terça;Arma de fogo;Masculino;25;Ensino Fundamental Incompleto;Parda
Maracanaú;AIS 14;HOMICIDIO DOLOSO;2022-12-28;09:00:00;Quarta;Arma de fogo;Masculino;25;Ensino Fundamental Completo;Não Informada
Beberibe;AIS 30;HOMICIDIO DOLOSO;2022-12-28;14:00:00;Quarta;Arma de fogo;Masculino;30;Ensino Fundamental Incompleto;Branca
Fortaleza;AIS 22;HOMICIDIO DOLOSO;2022-12-28;14:39:59;Quarta;Arma de fogo;Masculino;40;Ensino Médio Completo;Não Informada
Fortaleza;AIS 16;HOMICIDIO DOLOSO;2022-12-28;16:00:00;Quarta;Arma de fogo;Masculino;32;Alfabetizado;Indígena
Icó;AIS 34;HOMICIDIO DOLOSO;2022-12-28;18:29:59;Quarta;Outros meios;Masculino;53;Não Informada;Parda
Fortaleza;AIS 06;HOMICIDIO DOLOSO;2022-12-28;19:00:00;Quarta;Arma de fogo;Masculino;42;Ensino Médio Completo;Não Informada
Fortaleza;AIS 17;ROUBO SEGUIDO DE MORTE (LATROCINIO);2022-12-28;19:30:00;Quarta;Arma de fogo;Masculino;44;Alfabetizado;Branca
Fortaleza;AIS 17;ROUBO SEGUIDO DE MORTE (LATROCINIO);2022-12-28;19:30:00;Quarta;Arma de fogo;Masculino;52;Alfabetizado;Branca
Fortaleza;AIS 21;HOMICIDIO DOLOSO;2022-12-28;21:00:00;Quarta;Arma de fogo;Masculino;33;Ensino Fundamental Incompleto;Parda
Fortaleza;AIS 06;HOMICIDIO DOLOSO;2022-12-29;00:20:00;Quinta;Arma de fogo;Masculino;29;Alfabetizado;Não Informada
Maracanaú;AIS 14;HOMICIDIO DOLOSO;2022-12-29;13:41:00;Quinta;Arma de fogo;Masculino;21;Alfabetizado;Não Informada
Caucaia;AIS 26;HOMICIDIO DOLOSO;2022-12-29;21:00:00;Quinta;Arma de fogo;Masculino;17;Ensino Fundamental Completo;Não Informada
Senador Pompeu;AIS 09;HOMICIDIO DOLOSO;2022-12-30;09:00:00;Sexta;Arma de fogo;Masculino;24;Alfabetizado;Não Informada
Caucaia;AIS 26;HOMICIDIO DOLOSO;2022-12-30;10:36:00;Sexta;Arma de fogo;Feminino;32;Ensino Fundamental Completo;Não Informada
Fortaleza;AIS 21;HOMICIDIO DOLOSO;2022-12-30;15:33:00;Sexta;Arma de fogo;Masculino;23;Não Informada;Não Informada
Fortaleza;AIS 21;HOMICIDIO DOLOSO;2022-12-30;19:30:00;Sexta;Arma de fogo;Masculino;51;Ensino Fundamental Incompleto;Não Informada
Maracanaú;AIS 14;HOMICIDIO DOLOSO;2022-12-30;22:48:00;Sexta;Arma de fogo;Masculino;18;Alfabetizado;Não Informada
Limoeiro do Norte;AIS 01;HOMICIDIO DOLOSO;2022-12-31;00:15:00;Sábado;Arma de fogo;Masculino;51;Não Informada;Não Informada
Maracanaú;AIS 14;HOMICIDIO DOLOSO;2022-12-31;02:37:00;Sábado;Arma de fogo;Masculino;32;Ensino Fundamental Incompleto;Parda
Granja;AIS 28;HOMICIDIO DOLOSO;2022-12-31;02:39:59;Sábado;Arma branca;Masculino;20;Não Informada;Parda
Caucaia;AIS 26;HOMICIDIO DOLOSO;2022-12-31;05:32:00;Sábado;Arma de fogo;Masculino;33;Alfabetizado;Não Informada
Fortaleza;AIS 16;HOMICIDIO DOLOSO;2022-12-31;07:05:00;Sábado;Arma de fogo;Masculino;23;Ensino Médio Completo;Parda
Ibicuitinga;AIS 09;HOMICIDIO DOLOSO;2022-12-31;09:29:59;Sábado;Arma de fogo;Masculino;22;Alfabetizado;Não Informada
Fortaleza;AIS 19;HOMICIDIO DOLOSO;2022-12-31;13:09:59;Sábado;Arma de fogo;Masculino;28;Ensino Médio Completo;Não Informada
Fortaleza;AIS 16;HOMICIDIO DOLOSO;2022-12-31;13:56:00;Sábado;Arma de fogo;Masculino;29;Alfabetizado;Parda
Morrinhos;AIS 11;FEMINICÍDIO;2022-12-31;15:35:00;Sábado;Arma branca;Feminino;19;Ensino Médio Completo;Não Informada
Jijoca de Jericoacoara;AIS 11;HOMICIDIO DOLOSO;2022-12-31;16:00:00;Sábado;Outros meios;Masculino;48;Alfabetizado;Não Informada
Fortaleza;AIS 05;ROUBO SEGUIDO DE MORTE (LATROCINIO);2022-12-31;22:14:59;Sábado;Arma de fogo;Masculino;49;Ensino Médio Completo;Parda
